Time (us),Signal 0,Signal 1,Signal 2,Signal 3,Signal 4,Signal 5,Signal 6,Signal 7
2011,7,3020,7,1410,1648,1648,1334,0
3541,6,3020,7,1208,2047,1648,1256,1078
4674,7,3020,7,1274,2103,1648,1219,1113
5861,6,3019,7,1227,2129,1648,1275,993
7004,7,3019,8,1234,1653,1648,1229,1079
8189,6,3019,6,715,1653,1647,1208,982
9395,6,3018,7,1037,1652,1648,1341,998
10517,6,3020,7,1196,2079,1648,1401,971
11637,8,3019,7,1251,2140,1648,1288,980
12749,7,3018,7,1199,1652,1648,1236,934
13856,6,3020,7,1231,2078,1649,1212,914
14962,7,3018,7,1235,1652,1648,1274,901
16114,6,3020,7,1208,1653,1647,1229,896
17227,6,3021,7,1196,2056,1648,1208,901
18333,7,3019,7,1262,2120,1648,1196,894
19438,7,3019,7,1203,1653,1648,1189,877
20558,6,3020,7,1218,2065,1649,1189,942
21718,7,3019,7,1224,2074,1648,1264,898
22849,8,3019,7,1264,2118,1648,1227,958
23954,7,3018,7,1206,1654,1647,1277,920
25073,7,3020,7,1300,1947,1648,1231,1046
26377,7,3020,7,1406,1653,1648,1208,975
27640,8,3019,7,1268,2056,1648,1336,921
28910,7,3019,7,1249,1653,1648,1399,931
30417,7,3019,7,1266,2114,1648,1361,960
31846,7,3019,7,1233,2063,1648,1272,954
33361,7,3021,7,1175,1647,1648,1299,993
34559,7,3018,7,1158,1652,1648,1379,947
35804,7,3019,7,1174,2039,1648,1420,962
36931,7,3018,7,1257,2117,1649,1305,1122
38037,7,3019,8,1234,1652,1648,1319,1014
39141,7,3020,7,1202,1653,1648,1321,969
40271,6,3020,7,1186,1665,1648,1390,943
41397,6,3020,8,1201,2062,1648,1357,965
42561,6,3019,7,1185,2046,1649,1267,1100
43748,7,3018,7,1197,1644,1648,1366,1062
44881,6,3020,7,1179,2032,1648,1415,1012
45994,7,3020,8,1247,2062,1648,1299,1007
47105,7,3019,7,1273,2100,1648,1385,1028
48212,7,3019,8,1245,1654,1649,1285,1002
49313,7,3018,7,1210,1653,1648,1377,1020
50413,7,3020,7,1189,2042,1649,1278,1134
51517,8,3019,7,1240,2074,1648,1229,1006
52674,6,3018,7,1134,1652,1648,1207,953
53875,7,3020,8,1216,2078,1648,1195,918
54986,7,3018,7,1273,2097,1649,1196,897
56145,7,3019,7,1252,1652,1648,1188,881
57262,7,3020,7,1207,1652,1648,1263,877
58365,6,3020,7,1196,2048,1648,1295,879
59467,7,3019,7,1247,2079,1648,1380,890
60571,8,3019,7,1258,2129,1648,1283,1070
61671,6,3019,7,1223,1653,1648,1304,980
62815,7,3019,8,1473,1653,1648,1245,942
63950,7,3019,7,1249,1653,1648,1285,971
65054,7,3020,7,1197,2039,1649,1235,1074
66206,7,3019,7,1258,2059,1649,1213,989
67320,8,3020,7,1273,2102,1649,1199,1004
68465,8,3019,7,1273,2100,1648,1195,931
69578,7,3018,7,1245,1654,1648,1332,893
70684,7,3019,7,1217,1653,1648,1256,1052
71784,6,3020,7,1175,2037,1648,1218,958
72885,7,3019,7,1233,2072,1649,1278,918
73987,7,3019,7,1266,2108,1648,1231,905
75089,7,3019,8,1231,1653,1649,1352,897
76279,7,3020,7,1216,1652,1648,1407,925
77387,7,3020,7,1196,2047,1649,1297,1101
78488,7,3019,7,1256,2084,1647,1239,1069
79591,8,3019,7,1255,2129,1648,1355,1032
80692,7,3019,7,1223,1652,1649,1266,1129
81794,7,3019,7,1180,2032,1647,1222,997
82908,7,3020,7,1000,1653,1648,1344,1014
84044,6,3018,7,1159,1652,1648,1262,1117
85156,6,3020,7,1169,2037,1648,1294,1068
86315,6,3020,7,1190,2090,1647,1236,981
87421,7,3019,7,1272,2100,1647,1211,938
88523,7,3019,8,1245,1653,1648,1197,912
89624,7,3019,7,1207,1653,1648,1189,887
90727,6,3020,7,1188,2045,1649,1188,871
91827,8,3019,7,1245,2079,1648,1332,871
92931,7,3019,7,1256,2128,1647,1401,1042
94064,7,3019,7,1457,1647,1648,1433,1153
95169,6,3020,7,1222,2006,1649,1306,1222
95846,6,3021,7,1260,2096,1648,1244,1059
96538,7,3019,7,1223,2052,1649,1213,1032
97229,7,3017,8,1239,1649,1648,1196,952
97938,7,3019,7,1283,2080,1648,1188,913
98628,7,3018,7,1210,2037,1648,1189,884
99319,7,3019,8,1250,1653,1648,1184,876
100013,6,3020,7,1289,2084,1649,1183,941
100719,7,3019,7,1219,2026,1649,1330,902
101408,7,3019,8,1261,1654,1648,1328,1056
102098,7,3019,7,1268,2073,1648,1398,1131
102793,7,3018,7,1210,2032,1648,1286,1195
103504,7,3019,7,1299,1990,1648,1307,1037
104195,8,3019,8,1263,1653,1648,1388,1114
104884,7,3019,7,1285,1805,1648,1428,1181
105545,7,3020,8,1239,2051,1645,1376,1095
106237,7,3019,7,1234,2068,1648,1277,1172
106927,7,3018,7,1212,2032,1648,1230,1100
107616,8,3019,7,1249,1653,1649,1210,991
108304,7,3019,7,1277,1653,1648,1199,935
108994,7,3020,7,1250,2065,1650,1191,898
109683,7,3018,7,1207,2035,1649,1266,953
110373,7,3018,7,1245,1653,1648,1224,915
111062,6,3019,7,1274,1653,1647,1205,908
111754,7,3020,7,1250,2067,1649,1199,888
112448,7,3019,7,1207,2034,1648,1190,949
113139,7,3019,7,1250,1652,1647,1260,909
113828,7,3019,7,1279,1941,1649,1297,1034
114517,7,3019,7,1246,2063,1648,1384,1037
115205,7,3019,7,1211,2036,1648,1285,1145
115940,7,3019,7,1275,1653,1648,1311,1085
116645,6,3020,7,1219,2042,1648,1245,1000
117353,7,3018,8,1258,1653,1649,1355,957
118055,7,3020,7,1256,2063,1648,1268,1094
118758,7,3019,7,1233,1743,1649,1297,981
119462,6,3019,7,1280,2094,1648,1241,940
120164,7,3017,7,1213,2037,1648,1211,973
120865,7,3019,7,1258,1653,1648,1268,930
121566,6,3020,7,1257,2065,1649,1369,904
122284,8,3018,8,1242,1653,1649,1275,1072
122992,6,3020,7,1285,2080,1648,1369,1052
123713,7,3019,7,1355,2018,1649,1277,1007
124418,7,3018,7,1231,2014,1649,1233,1020
125121,8,3019,7,1272,1654,1645,1206,1003
125848,7,3020,7,1201,2039,1648,1199,1010
126581,7,3019,7,1269,1654,1648,1190,1009
127299,7,3020,8,1214,2045,1648,1330,931
128002,8,3018,8,1247,1653,1649,1330,1070
128704,6,3020,7,1283,2091,1648,1260,1001
129406,7,3020,7,1218,2045,1648,1225,1004
130108,7,3018,8,1242,1653,1647,1208,946
130810,7,3019,7,1280,2101,1647,1336,982
131512,7,3019,7,1224,2050,1648,1263,1098
132213,8,3019,7,1239,1652,1649,1366,986
132917,7,3018,6,1277,1860,1648,1271,974
133618,7,3019,7,1231,2054,1648,1300,926
134320,7,3019,7,1234,1650,1648,1383,913
135022,7,3018,7,1273,1654,1648,1284,1083
135726,4,3020,7,1236,2059,1648,1306,987
136429,7,3018,8,1240,1653,1648,1384,946
137134,7,3020,6,1288,2081,1648,1358,1101
137837,7,3018,7,1216,2028,1648,1411,1095
138539,7,3019,8,1269,1653,1648,1367,1183
139242,7,3019,7,1236,2052,1648,1272,1210
139943,7,3018,7,1244,1653,1648,1297,1037
140645,6,3020,7,1285,2080,1648,1312,969
141353,7,3018,7,1219,2025,1648,1249,1084
142067,7,3018,7,1274,1653,1647,1213,968
142774,7,3018,7,1212,2036,1647,1199,996
143481,7,3019,7,1355,1915,1648,1195,935
144211,7,3019,7,1373,1653,1648,1334,970
144926,7,3019,7,1250,2013,1648,1330,1090
145655,7,3017,7,1267,1653,1648,1253,1004
146368,7,3018,8,1202,2037,1648,1221,1076
147071,7,3019,7,1255,1653,1648,1343,975
147776,7,3018,7,1278,1653,1648,1402,1097
148479,7,3019,7,1244,2057,1648,1290,1183
149183,7,3018,7,1229,2019,1649,1234,1109
149885,7,3018,7,1272,1654,1648,1280,996
150588,7,3019,7,1245,2062,1648,1230,940
151291,7,3018,7,1228,2020,1649,1350,913
151992,7,3019,7,1268,1653,1649,1268,931
152695,7,3020,7,1250,2065,1648,1297,908
153397,7,3017,7,1223,2024,1649,1241,903
154100,7,3019,7,1266,1653,1648,1289,879
154802,7,3019,7,1253,2068,1649,1239,959
155470,7,3018,7,1219,2025,1647,1210,976
156176,8,3019,7,1239,1653,1647,1197,921
156895,6,3019,7,1283,2098,1648,1195,899
157599,7,3018,7,1214,2029,1648,1190,882
158302,7,3019,7,1263,1653,1647,1188,945
159007,6,3019,7,1252,2064,1649,1185,907
159723,7,3019,7,1230,1670,1649,1184,886
160452,6,3020,7,1260,2069,1649,1189,868
161158,7,3019,8,1223,2023,1649,1186,865
161860,7,3019,7,1271,1653,1648,1257,859
162562,6,3019,7,1244,2057,1648,1365,864
163266,7,3019,7,1233,1678,1648,1415,1052
163992,7,3018,7,1025,2173,1648,1299,1161
164704,7,3018,7,1223,1653,1647,1380,1026
165406,7,3019,7,1244,2078,1648,1282,1136
166108,7,3018,7,1213,2031,1647,1229,1085
166826,7,3019,7,1274,1653,1647,1274,1058
167529,7,3020,7,1233,2053,1648,1307,968
168231,7,3018,7,1238,1647,1648,1316,940
168934,7,3018,7,1280,2053,1648,1246,929
169637,7,3020,7,1228,2050,1648,1358,915
170340,8,3018,8,1239,1649,1648,1268,936
171042,7,3019,7,1280,2061,1648,1296,982
171744,7,3019,7,1229,2051,1648,1379,1081
172446,8,3019,7,1241,1653,1648,1421,1026
173149,6,3019,7,1283,2095,1648,1302,1155
173851,7,3019,7,1221,2045,1648,1240,1098
174554,8,3018,8,1245,1653,1648,1351,993
175256,6,3020,7,1286,2086,1648,1406,971
175958,7,3019,7,1250,2052,1647,1295,1123
176675,7,3019,7,1233,1732,1648,1236,1006
177379,6,3019,7,1284,2091,1647,1352,1069
179306,7,3019,7,1240,1653,1648,1264,1008
180142,6,3020,7,1289,2086,1648,1365,1083
180947,7,3018,7,1269,1653,1648,1275,1019
181761,7,3019,7,1283,2098,1648,1227,952
182550,7,3019,7,1268,1652,1648,1205,993
183322,8,3019,7,1234,1644,1648,1339,930
184146,7,3019,6,851,2429,1648,1258,1073
184959,6,3019,7,1216,2139,1648,1291,968
185783,7,3019,7,1258,2087,1649,1310,931
186578,7,3019,7,1279,2094,1647,1317,1064
187366,7,3018,7,1267,1653,1648,1247,1133
188141,7,3018,7,1238,1653,1647,1286,991
189004,7,3018,7,1235,1653,1648,1378,941
189774,7,3019,7,1249,1652,1648,1351,1095
190507,7,3019,7,1249,2056,1648,1263,1162
191253,7,3019,7,1277,1653,1647,1221,1089
191993,7,3018,7,1222,2024,1648,1201,991
192719,6,3020,6,1289,2081,1647,1191,1001
193444,7,3018,7,1231,2018,1649,1330,935
194174,7,3020,7,1070,1654,1648,1399,1070
194942,6,3018,7,1098,2123,1648,1434,1169
195988,7,3019,7,1158,2076,1648,1448,1228
196842,7,3019,7,1175,2061,1648,1317,1264
197738,7,3018,7,1197,2045,1649,1250,1087
198566,7,3019,8,1251,1652,1647,1214,971
199331,7,3018,7,1208,2034,1648,1272,921
200140,7,3019,7,1224,2025,1648,1231,899
200985,7,3019,8,1245,1652,1647,1206,967
201821,7,3019,8,1272,1654,1650,1272,991
202661,7,3019,8,1289,1654,1648,1302,938
203510,7,3019,8,1280,2095,1648,1383,926
204343,6,3019,7,1374,1902,1649,1358,1087
205206,8,3019,8,1319,1652,1648,1267,1089
206038,7,3019,7,1275,1654,1648,1296,978
206883,7,3019,7,1196,2015,1648,1316,936
207687,7,3019,7,1200,2043,1648,1321,930
208532,6,3019,7,1211,1874,1648,1323,924
209356,8,3019,7,1262,1653,1648,1253,1065
210218,7,3018,8,1267,1652,1648,1361,1035
211049,8,3019,7,1274,1654,1648,1273,997
211916,7,3019,8,1266,1652,1648,1227,1008
212758,6,3019,7,1261,2061,1648,1210,946
213536,7,3018,7,1280,1652,1648,1197,912
214440,6,3019,7,1269,2117,1647,1197,870
215551,8,3019,7,1272,2100,1648,1189,870
216423,7,3019,7,1252,2029,1648,1191,863
217230,7,3019,7,1213,1993,1648,1186,934
217950,6,3018,7,1202,2040,1648,1332,893
218643,7,3019,7,1260,1653,1648,1257,914
219333,6,3020,7,1261,2070,1647,1361,891
220023,7,3018,7,1213,2030,1647,1412,1062
220714,7,3018,7,1262,1654,1647,1297,1168
221403,7,3019,7,1269,2072,1648,1241,1032
222092,7,3019,7,1210,2031,1648,1355,1020
222781,7,3019,7,1257,1653,1647,1343,985
223475,7,3020,6,1278,2075,1648,1333,965
224165,7,3019,7,1206,2034,1648,1402,948
224872,7,3019,7,1422,1653,1648,1294,1106
225620,7,3019,7,1294,2010,1648,1383,1003
226321,7,3019,7,1293,1653,1647,1356,1124
227012,7,3020,7,1253,2052,1648,1269,1039
227702,7,3019,7,1230,2018,1648,1367,954
228392,7,3019,7,1271,1653,1648,1417,1097
229081,7,3020,7,1256,2063,1649,1302,1189
229770,7,3019,7,1222,2024,1647,1240,1045
230460,8,3018,7,1263,1653,1647,1208,968
231148,7,3020,7,1267,2070,1648,1197,918
231836,7,3018,7,1210,2034,1648,1191,898
232526,8,3019,7,1256,1653,1647,1330,876
233223,6,3019,7,1277,2075,1648,1333,907
233921,7,3018,7,1216,2029,1649,1260,920
234619,7,3018,7,1264,1653,1648,1296,967
235311,7,3019,7,1253,2062,1649,1242,937
236024,7,3019,7,1251,1653,1648,1284,973
236715,7,3020,7,1283,2081,1648,1234,930
237404,7,3018,8,1212,2039,1647,1282,918
238093,7,3019,8,1250,1652,1648,1302,1043
238782,6,3020,7,1285,2087,1648,1317,974
239470,7,3019,7,1224,2045,1648,1322,949
240159,8,3018,8,1241,1653,1648,1250,934
240848,7,3019,7,1280,1702,1647,1213,896
241536,7,3020,8,1236,2053,1648,1203,894
242226,8,3018,7,1233,1901,1648,1191,952
242936,6,3018,7,1274,1653,1647,1329,912
243627,7,3019,7,1217,2041,1648,1396,1061
244320,8,3018,7,1245,2007,1648,1363,1021
245034,8,3019,7,1067,2205,1648,1349,1058
245766,8,3019,7,1225,1653,1647,1262,1070
246460,7,3020,7,1250,2076,1647,1294,1113
247153,7,3018,8,1217,2029,1648,1311,1144
247842,7,3019,7,1263,1654,1647,1384,1167
248532,6,3020,7,1267,2072,1648,1280,1070
249222,7,3018,7,1212,2031,1648,1305,1119
249912,7,3018,7,1258,1652,1648,1315,1008
250606,7,3020,7,1267,2072,1648,1390,1105
251295,7,3018,7,1207,2034,1648,1283,1179
251983,7,3019,7,1256,1653,1648,1376,1105
252673,6,3020,7,1286,2080,1647,1350,1173
253362,7,3018,7,1214,2041,1647,1266,1053
254051,7,3018,7,1249,1653,1647,1223,1037
254741,6,3019,7,1286,2087,1650,1274,967
255497,7,3020,7,1223,2043,1648,1230,923
256191,7,3019,7,1249,1653,1648,1206,913
256881,7,3020,7,1253,2070,1648,1268,891
257571,7,3018,7,1218,2028,1648,1224,1028
258260,7,3018,8,1263,1653,1648,1207,1029
258951,6,3019,7,1264,2070,1648,1269,952
259643,7,3018,7,1218,2026,1647,1224,913
260332,8,3019,8,1261,1653,1647,1279,897
261029,6,3019,7,1267,2073,1648,1235,896
261731,7,3018,7,1225,2023,1648,1208,968
262444,7,3019,7,1274,1653,1648,1339,916
263140,7,3019,7,1214,2039,1648,1404,930
263830,8,3018,7,1249,1653,1648,1295,1101
264518,6,3019,7,1286,2089,1648,1383,1068
265211,6,3019,7,1036,1653,1648,1357,1020
265930,6,3018,7,1230,2047,1648,1268,987
266626,7,3020,7,1207,2058,1649,1230,1008
267316,8,3019,8,1240,1653,1647,1278,951
268005,7,3019,7,1282,2084,1648,1233,918
268693,7,3020,7,1233,2051,1648,1350,908
269383,7,3019,7,1236,1649,1648,1264,1067
270071,6,3019,8,1277,1653,1648,1295,968
270759,7,3020,7,1245,2057,1648,1239,931
271447,8,3018,7,1229,2020,1649,1290,890
272136,7,3019,8,1268,1654,1648,1376,896
272824,7,3019,6,1258,2067,1648,1280,1072
273517,7,3018,7,1222,2024,1648,1229,975
274206,7,3018,7,1266,1653,1647,1345,937
274895,6,3018,7,1266,2070,1648,1263,1080
275647,6,3018,7,1211,2030,1644,1299,974
276353,7,3020,7,1273,2084,1648,1242,1008
277056,7,3018,7,1217,2028,1647,1355,956
277759,7,3019,7,1269,1653,1649,1269,953
278460,7,3019,7,1235,2051,1648,1297,991
279161,8,3018,8,1245,1653,1648,1242,945
279864,6,3020,7,1286,2079,1648,1212,903
280564,7,3018,7,1214,2028,1648,1197,896
281265,8,3019,7,1268,1653,1647,1192,877
281981,7,3019,7,1241,2054,1647,1332,943
282685,7,3018,8,1255,1653,1648,1332,1075
283387,7,3019,3,1263,2068,1647,1329,1072
284090,7,3018,6,1228,2019,1648,1260,996
284794,7,3018,7,1279,1804,1647,1218,934
285502,7,3019,7,1395,1654,1649,1278,982
286227,7,3018,7,1284,2050,1649,1233,937
286932,7,3018,7,1227,2020,1647,1206,923
287633,7,3019,7,1267,1653,1648,1267,970
288336,7,3020,7,1256,2065,1648,1224,921
289039,6,3018,7,1222,2024,1648,1346,902
289740,7,3019,7,1267,1653,1648,1334,1063
290442,7,3019,7,1253,2064,1648,1258,993
291144,7,3018,8,1221,2026,1649,1293,929
291847,7,3019,7,1266,1653,1647,1313,910
292556,7,3020,7,1247,2059,1648,1391,985
293271,8,3018,7,1235,1644,1649,1284,1120
293982,6,3019,7,1285,2087,1648,1376,1002
294689,7,3018,7,1323,1943,1644,1350,986
295410,8,3019,7,1274,1645,1648,1341,962
296113,7,3019,7,1291,2083,1648,1260,953
296816,7,3019,7,1229,2046,1647,1363,910
297519,7,3018,7,1241,1653,1647,1271,935
298224,6,3019,7,1284,2097,1648,1230,907
298927,7,3019,7,1222,2045,1648,1347,970
299630,8,3019,7,1245,1652,1648,1406,958
300332,6,3020,7,1283,2090,1648,1293,978
301034,6,3020,7,1218,2043,1648,1239,934
301737,7,3018,8,1244,1652,1647,1280,969
302459,7,3019,7,1260,2069,1648,1230,1072
303163,7,3019,7,1217,2026,1648,1350,985
303865,7,3019,7,1261,1653,1648,1336,965
304567,6,3020,7,1264,2072,1649,1401,948
305271,7,3019,7,1213,2030,1648,1290,1108
306021,7,3019,7,1307,1954,1649,1308,997
306734,7,3018,7,1299,1652,1648,1249,1095
307437,7,3018,7,1241,2047,1649,1218,979
308141,7,3019,7,1236,1648,1647,1202,927
308842,6,3018,7,1275,1653,1647,1333,903
309545,7,3020,7,1239,2054,1647,1257,1059
310274,7,3019,8,1251,1653,1648,1217,957
310979,7,3020,6,1278,2079,1648,1200,926
311680,7,3018,7,1205,2036,1648,1191,893
312383,7,3019,7,1251,1653,1645,1189,874
313085,7,3019,7,1283,2083,1647,1186,873
313786,7,3019,7,1210,2040,1648,1263,863
314488,8,3018,7,1247,1653,1648,1293,940
315190,6,3020,7,1286,2089,1647,1239,1062
315904,7,3019,7,1207,2034,1648,1213,978
316611,7,3018,7,1268,1653,1648,1341,929
317314,4,3019,7,1236,2053,1648,1264,936
318015,8,3018,7,1244,1654,1648,1224,975
318716,6,3020,7,1289,2080,1648,1344,937
319418,7,3018,7,1212,2030,1648,1264,941
320120,7,3019,7,1266,1654,1647,1295,904
320822,7,3019,7,1242,2054,1647,1238,1045
321523,7,3019,8,1241,1652,1648,1354,968
322236,6,3019,7,1288,2075,1648,1271,959
322939,7,3019,7,1223,2024,1648,1229,920
323640,6,3019,7,1273,1653,1649,1351,976
324543,4,3019,7,1228,2020,1649,1266,1101
325264,7,3020,6,1286,2079,1648,1368,984
325997,7,3018,7,1410,1870,1648,1350,1112
326736,7,3018,7,1335,2035,1648,1410,1028
327440,3,3019,8,1244,2034,1648,1437,1013
328145,6,3018,7,1233,2017,1649,1454,1153
328857,7,3018,7,1273,1653,1648,1459,1090
329571,7,3020,7,1233,2052,1647,1318,1203
330280,8,3019,7,1241,1652,1648,1393,1200
330983,6,3020,7,1283,2091,1647,1289,1227
331685,7,3019,7,1221,2047,1648,1306,1128
332388,7,3018,8,1240,1654,1648,1244,1014
333090,6,3018,7,1280,2098,1648,1212,934
333792,7,3019,8,1228,2051,1648,1201,903
334494,7,3018,8,1238,1650,1648,1196,958
335198,7,3019,7,1277,1830,1648,1191,913
335923,7,3018,7,1205,2035,1647,1261,893
336630,7,3019,7,1262,1654,1647,1222,879
337333,7,3020,7,1257,2068,1649,1277,891
338036,7,3018,7,1227,2023,1649,1234,1031
338739,7,3019,7,1273,1653,1648,1285,963
339442,7,3020,7,1240,2056,1648,1239,929
340143,8,3019,7,1233,1649,1648,1213,892
340846,8,3019,7,1278,2004,1648,1275,888
341549,7,3019,7,1227,2047,1648,1227,888
342254,8,3018,7,1244,1653,1648,1210,896
342957,6,3020,7,1289,2083,1648,1341,958
343659,7,3018,7,1210,2037,1648,1262,949
344361,7,3019,7,1253,1653,1647,1293,908
345070,8,3019,7,1034,1652,1648,1240,903
345791,6,3020,7,1230,2117,1648,1283,877
346513,6,3018,7,1126,2169,1649,1235,1028
347217,7,3019,7,1195,2048,1649,1356,962
347921,7,3018,7,1263,1653,1647,1338,957
348624,7,3019,7,1238,2059,1648,1336,945
349327,7,3019,7,1233,1653,1648,1262,943
350031,6,3019,8,1278,1653,1648,1219,978
350733,7,3019,7,1230,2051,1648,1200,936
351434,8,3018,7,1238,1650,1648,1197,904
352137,7,3018,7,1280,2035,1648,1191,888
352838,7,3020,7,1228,2047,1647,1190,881
353540,7,3018,7,1241,1654,1647,1258,875
354242,4,3019,7,1282,2096,1648,1296,873
354944,7,3020,7,1224,2046,1648,1241,959
355646,7,3018,7,1244,1653,1648,1285,905
356351,6,3019,7,1283,2098,1648,1235,1041
357053,7,3019,7,1219,2045,1648,1208,970
357756,8,3019,8,1246,1654,1648,1338,926
358460,6,3020,7,1288,2086,1648,1330,934
359161,7,3019,7,1212,2040,1648,1333,930
359861,7,3019,8,1249,1653,1647,1255,1002
360564,6,3020,7,1288,2085,1648,1296,931
361265,7,3019,7,1211,2039,1648,1380,919
361970,7,3018,8,1253,1653,1648,1279,1084
362672,6,3019,6,1277,2078,1648,1301,1057
363374,7,3018,7,1207,2032,1649,1318,1122
364075,8,3019,8,1257,1653,1648,1393,1020
364776,7,3019,7,1273,2076,1647,1358,1139
365480,7,3018,7,1208,2032,1648,1346,1040
366186,7,3018,7,1261,1993,1648,1405,1061
366903,7,3018,7,1321,1719,1649,1368,1164
367606,7,3019,7,1244,2037,1648,1346,1062
368308,8,3019,8,1244,1654,1648,1407,997
369014,7,3018,7,1283,2097,1648,1295,1136
369726,7,3019,7,1211,2039,1648,1383,1085
370437,8,3018,7,1255,1653,1648,1354,1167
371140,7,3019,7,1261,2069,1648,1340,1199
371843,7,3019,7,1221,2025,1647,1335,1062
372545,7,3019,7,1266,1653,1648,1402,997
373247,6,3019,7,1255,2065,1648,1363,1134
373950,7,3019,7,1224,2024,1648,1275,1184
374652,7,3019,7,1271,1653,1648,1371,1101
375354,7,3019,7,1247,2058,1648,1352,1030
376085,7,3019,7,1252,1653,1648,1263,989
376787,7,3020,7,1283,2079,1648,1223,1074
377491,7,3018,7,1206,2032,1647,1275,976
378194,7,3018,7,1257,1653,1648,1369,926
378896,7,3019,7,1269,2073,1648,1420,948
379597,7,3018,7,1211,2030,1648,1439,1117
380300,7,3018,8,1262,1652,1648,1451,1068
381001,7,3019,7,1262,2070,1648,1391,1188
381703,7,3018,7,1217,2026,1648,1429,1151
382429,7,3019,7,1280,2069,1648,1307,1218
383133,7,3019,7,1224,2046,1648,1242,1063
383835,7,3019,7,1244,1652,1647,1211,979
384537,7,3020,7,1285,2090,1647,1199,925
385239,7,3019,8,1218,2042,1648,1334,898
385943,8,3018,7,1250,1653,1648,1328,1056
386658,7,3019,7,991,2202,1648,1253,989
387376,6,3019,7,1239,2130,1648,1217,924
388078,7,3019,7,1197,2052,1647,1274,901
388781,8,3018,7,1245,1653,1647,1368,1035
389483,7,3020,7,1280,2080,1647,1275,1137
390185,7,3018,7,1205,2034,1648,1231,1081
390886,7,3019,8,1257,1654,1648,1349,1056
391587,7,3019,7,1267,2073,1648,1267,1140
392289,7,3018,7,1214,2029,1647,1227,1080
392992,8,3019,7,1262,1653,1648,1208,980
393693,7,3019,7,1257,2065,1648,1336,929
394395,7,3019,8,1222,2024,1648,1257,934
395099,7,3018,7,1118,1653,1648,1296,898
395835,8,3019,7,1185,2097,1648,1242,903
396539,8,3019,7,1224,1652,1649,1285,951
397242,7,3019,7,1278,2085,1648,1305,1064
397943,7,3019,7,1227,2048,1648,1246,984
398646,7,3018,8,1240,1653,1648,1288,945
399349,7,3018,7,1283,2098,1648,1373,1061
400053,7,3020,7,1218,2043,1647,1418,1152
400757,6,3018,9,1249,1653,1648,1439,1213
401459,6,3020,7,1288,2085,1648,1307,1251
402182,7,3019,7,1223,2025,1648,1317,1218
402884,7,3019,7,1267,1654,1648,1389,1206
403589,7,3020,7,1250,2061,1649,1429,1228
404293,7,3018,6,1230,2018,1649,1304,1253
404995,6,3019,7,1274,1653,1648,1385,1074
405701,7,3020,7,1240,2054,1648,1284,1162
406418,7,3019,7,1250,1653,1648,1230,1020
407138,7,3019,7,1330,1653,1648,1351,962
407842,7,3019,7,1263,2042,1648,1411,1095
408546,7,3018,7,1236,2015,1649,1438,1043
409248,7,3019,7,1277,1654,1647,1305,1031
409951,7,3020,7,1236,2054,1647,1241,967
410654,7,3018,7,1234,1656,1648,1211,931
411355,6,3019,7,1277,1653,1648,1195,909
412057,7,3020,8,1234,2054,1649,1192,885
412758,8,3019,7,1235,1645,1648,1191,871
413460,7,3019,7,1278,1814,1648,1329,938
414175,7,3020,7,1222,2045,1647,1253,1073
414887,7,3019,8,1253,1653,1648,1295,1108
415619,7,3020,7,1263,2068,1648,1382,1073
416326,7,3018,7,1282,1653,1648,1424,1023
417029,7,3020,7,1255,2057,1648,1300,1014
417730,7,3018,7,1229,2019,1649,1318,954
418432,7,3019,7,1273,1652,1648,1246,940
419134,7,3019,7,1246,2057,1648,1291,1042
419835,7,3019,7,1231,2013,1649,1238,1040
420538,6,3019,7,1275,1653,1649,1355,942
421241,7,3019,7,1239,2053,1647,1266,948
421959,7,3018,7,1235,1653,1645,1295,908
422663,7,3020,7,1289,2084,1648,1240,904
423365,7,3018,7,1212,2039,1648,1356,904
424066,7,3019,7,1253,1652,1648,1409,931
424767,6,3020,7,1283,2080,1648,1369,1103
425472,7,3018,7,1208,2036,1648,1278,1102
426174,6,3018,7,1258,1654,1648,1374,990
426879,6,3020,6,1297,1967,1647,1352,980
427598,7,3019,7,1260,2010,1648,1271,1034
428301,7,3019,7,1258,1653,1647,1224,958
429004,6,3019,7,1291,2081,1647,1205,929
429710,7,3018,7,1210,2039,1648,1194,897
430413,7,3018,8,1255,1654,1648,1188,876
431115,6,3020,7,1274,2078,1648,1186,942
431818,7,3018,7,1206,2034,1648,1327,896
432519,7,3019,7,1257,1653,1648,1395,912
433221,7,3019,7,1268,2073,1649,1365,951
433926,7,3018,7,1213,2029,1648,1275,1024
434627,7,3018,8,1263,1653,1649,1227,1026
435329,7,3020,7,1261,2068,1649,1210,956
436057,8,3019,7,1241,1653,1648,1341,986
436760,6,3020,7,1285,2087,1648,1261,1102
437461,7,3019,7,1218,2041,1648,1299,982
438162,8,3019,8,1249,1653,1648,1312,1012
438864,7,3020,7,1286,2081,1648,1249,1103
439565,7,3020,7,1210,2035,1648,1360,978
440266,7,3019,7,1253,1653,1648,1271,965
440968,7,3019,7,1274,2076,1645,1230,921
441685,7,3019,7,1212,2031,1648,1207,976
442387,7,3018,7,1272,1653,1648,1194,923
443089,7,3020,7,1241,2056,1648,1335,890
443790,8,3019,7,1234,1677,1648,1261,913
444493,7,3018,7,1278,1840,1648,1219,894
445196,7,3019,7,1229,1654,1648,1274,963
445915,7,3017,7,1152,2079,1647,1227,920
446618,7,3019,8,1249,1653,1649,1282,910
447335,6,3019,6,1096,1653,1648,1234,971
448052,7,3019,7,1174,2079,1649,1211,909
448754,7,3019,8,1231,1653,1648,1196,898
449458,7,3020,7,1282,2100,1648,1189,887
450161,7,3019,7,1221,2046,1648,1188,871
450879,7,3018,8,1253,1653,1649,1262,862
451581,6,3019,7,1280,2079,1648,1221,873
452284,7,3019,7,1206,2036,1647,1202,876
452985,8,3018,7,1252,1653,1648,1269,947
453689,6,3020,7,1288,2083,1647,1297,915
454390,7,3019,7,1211,2040,1648,1239,907
455091,7,3019,8,1246,1652,1648,1286,901
455798,6,3020,7,1288,2086,1647,1236,969
456499,7,3019,7,1214,2042,1648,1351,1003
457200,8,3019,7,1244,1652,1647,1268,975
457901,6,3019,7,1282,2100,1647,1225,998
458602,7,3019,7,1228,2048,1648,1206,940
459303,9,3018,7,1238,1648,1647,1336,912
460005,7,3019,7,1278,1653,1648,1400,925
460706,7,3020,7,1236,2054,1648,1289,959
461419,7,3019,7,1231,2007,1648,1239,1001
462123,6,3018,7,1282,2096,1648,1212,1020
462825,7,3019,7,1228,2048,1647,1344,946
463527,8,3018,7,1239,1650,1648,1260,1081
464418,6,3020,7,1271,2075,1647,1366,1048
465138,6,3018,7,1223,2023,1649,1275,1142
465860,7,3019,7,1278,1654,1648,1304,1084
466571,6,3019,7,1217,2042,1648,1315,997
467279,7,3018,7,1141,1653,1648,1324,954
468002,7,3018,7,1129,2097,1648,1255,942
468706,7,3018,7,1240,1653,1645,1217,902
469407,7,3019,7,1260,2079,1648,1199,898
470109,7,3018,7,1212,2031,1647,1191,888
470811,7,3018,8,1258,1653,1648,1328,871
471513,7,3019,7,1273,2076,1648,1330,1042
472215,7,3019,7,1207,2034,1648,1399,1054
472919,7,3018,7,1255,1653,1648,1431,1020
473622,7,3019,7,1278,2079,1648,1308,1017
474324,7,3019,7,1203,2035,1648,1317,965
475026,7,3018,7,1252,1652,1647,1247,1083
475729,6,3019,7,1288,2090,1648,1291,1045
476432,7,3018,7,1212,2042,1648,1378,1039
477133,7,3019,7,1246,1653,1648,1422,1142
477837,7,3020,7,1286,2089,1648,1297,1212
478538,7,3019,7,1221,2045,1648,1311,1128
479240,7,3019,7,1244,1653,1648,1249,1017
479942,6,3018,7,1283,2098,1648,1293,1008
480646,7,3019,7,1228,2047,1648,1313,1023
481354,7,3019,8,1245,1652,1648,1249,1037
482061,6,3020,7,1286,2089,1648,1291,946
482764,6,3019,7,1216,2042,1647,1378,926
483469,6,3018,7,1247,1652,1648,1278,1086
484171,7,3019,7,1285,2091,1647,1229,982
484873,6,3019,7,1219,2045,1648,1210,943
485577,7,3018,8,1242,1653,1648,1339,979
486281,6,3020,7,1285,2091,1648,1260,1096
486983,7,3019,7,1218,2042,1647,1299,980
487691,7,3019,7,974,2272,1648,1245,943
488412,3,3019,8,1194,1654,1647,1285,902
489116,6,3021,7,1274,2100,1647,1235,1040
489819,7,3018,7,1208,2043,1648,1211,1039
490521,7,3018,7,1249,1653,1647,1200,952
491223,6,3020,7,1289,2084,1648,1191,981
491926,7,3019,7,1213,2040,1649,1332,916
492627,7,3019,7,1249,1653,1648,1256,926
493327,6,3019,7,1289,2085,1648,1217,896
494029,7,3019,7,1214,2041,1647,1343,894
494732,8,3018,8,1247,1653,1648,1402,1057
495455,7,3020,7,1289,1971,1648,1435,1162
496176,7,3018,7,1258,1993,1650,1452,1225
496879,7,3019,6,1277,1654,1648,1313,1262
497581,7,3019,7,1257,2062,1649,1389,1081
498283,7,3018,7,1221,2025,1648,1360,1167
498985,6,3018,8,1263,1652,1648,1411,1059
499688,7,3020,7,1262,2070,1648,1437,1167
500390,7,3019,7,1216,2028,1648,1385,1229
501092,7,3019,7,1258,1653,1648,1423,1101
501797,7,3019,7,1267,2073,1648,1302,1054
502499,4,3018,7,1213,2030,1647,1245,979
503203,7,3019,7,1258,1654,1647,1213,916
