Time (us),Signal 0,Signal 1,Signal 2,Signal 3,Signal 4,Signal 5,Signal 6,Signal 7
1506,3019,7,7,1653,1653,1398,1109,0
2800,3019,6,8,2029,1654,1280,995,892
3963,3019,6,8,2087,1654,1236,943,869
5117,3018,7,6,2125,1655,1203,978,759
6274,3019,7,7,1653,1655,1170,912,798
7489,3019,7,7,2123,1655,1207,894,714
8671,3019,6,7,1654,1654,716,753,737
9997,3019,3,7,1653,1654,673,663,621
11343,3019,6,6,1653,1654,1202,769,527
12756,3020,6,4,1783,1654,1221,832,523
14145,3020,6,6,1644,1654,1185,847,549
15686,3019,7,6,1653,1654,1214,871,573
17114,3019,7,7,2072,1654,1183,866,592
18239,3018,7,6,1654,1654,1197,869,603
19350,3019,6,8,2073,1654,1244,863,608
20458,3018,7,7,1652,1654,1173,853,601
21575,3019,6,7,2037,1653,1230,877,667
22683,3018,8,8,2090,1654,1227,891,636
23798,3019,7,6,1653,1653,1161,865,698
24925,3019,7,6,2039,1655,1239,932,645
26032,3019,6,7,2098,1654,1218,909,722
27175,3018,7,7,1655,1654,1178,881,683
28283,3019,6,6,1644,1654,1223,954,645
29387,3019,6,8,2087,1654,1231,993,659
30508,3019,7,7,1653,1655,1184,993,686
31679,3018,7,6,1653,1654,1162,914,693
32799,3020,6,8,2042,1654,1249,960,671
33902,3019,6,7,2112,1654,1207,986,671
35087,3019,6,6,1653,1654,1195,992,687
36206,3018,6,6,1653,1652,1177,920,765
37420,3018,7,7,1653,1654,1177,890,704
38536,3020,7,7,2039,1654,1203,952,663
39743,3019,6,8,2173,1653,1183,971,665
40880,3019,7,6,2134,1654,1197,989,677
42114,3018,6,8,2086,1654,1234,938,761
43457,3019,7,6,1654,1654,1199,971,714
44794,3018,6,8,2081,1654,1179,981,702
46416,3019,6,8,2074,1654,1212,931,699
47595,3018,6,7,2135,1654,1191,969,681
48716,3019,7,6,1652,1654,1196,918,683
49820,3020,6,8,2069,1654,1247,1031,669
50933,3019,7,7,1669,1654,1184,938,771
52098,3019,7,7,1730,1654,1351,941,710
53224,3020,6,8,2051,1654,1256,904,691
54331,3019,7,6,1653,1654,1170,871,666
55457,3019,7,6,1648,1654,1222,881,641
56689,3019,6,8,2057,1653,1262,876,627
57812,3020,6,6,2037,1653,1238,896,625
58915,3019,6,8,2102,1654,1217,959,627
60021,3019,7,6,1653,1654,1179,975,650
61124,3019,6,8,2065,1654,1250,920,738
62225,3018,7,6,1654,1654,1181,957,692
63328,3019,6,7,2039,1654,1235,929,681
64430,3019,6,8,2103,1654,1217,975,735
65531,3019,7,7,1653,1653,1188,916,783
66644,3020,6,8,2072,1655,1247,891,715
67763,3019,7,7,1653,1655,1162,863,738
68873,3020,6,7,2039,1654,1240,860,664
69987,3019,6,8,2094,1654,1225,946,626
71093,3019,7,6,1653,1654,1161,893,716
72213,3019,7,7,1860,1653,1391,937,665
73351,3019,7,6,2001,1654,1275,987,659
74452,3018,7,7,2098,1654,1218,930,680
75555,3018,7,6,1653,1654,1191,969,664
76755,3020,4,8,2072,1653,1174,976,675
77872,3019,7,8,2047,1655,1263,926,752
78974,3018,4,7,2114,1655,1203,894,769
80079,3019,6,8,1652,1654,1062,897,700
81187,3019,6,8,2079,1655,1242,876,732
82162,3018,7,7,2137,1654,1192,869,665
82853,3018,6,7,2048,1652,1244,1004,706
83545,3018,7,6,1653,1655,1269,941,778
84238,3018,6,6,1654,1654,1210,979,722
84931,3019,6,8,2064,1654,1225,930,704
85620,3018,6,7,2032,1655,1258,902,676
86309,3018,7,6,1654,1653,1258,885,659
87030,3019,6,8,2072,1654,1217,882,634
87722,3018,7,7,2036,1654,1253,876,621
88414,3018,7,7,1653,1653,1260,1019,620
89111,3018,7,8,1654,1653,1074,962,742
89817,3019,7,7,1654,1654,1172,976,777
90507,3019,6,8,2089,1654,1203,919,800
91197,3018,6,7,2043,1654,1247,915,717
91961,3017,7,6,1653,1654,1310,914,683
92748,3018,7,7,1654,1654,1289,903,659
93481,3018,6,8,2023,1654,1263,887,649
94210,3019,7,7,1654,1654,1229,893,631
94904,3019,6,8,2070,1653,1218,887,631
95601,3018,6,7,2039,1654,1253,875,697
96307,3018,7,4,1652,1654,1241,1009,656
97067,3018,7,7,2039,1654,1256,1007,755
97775,3018,7,7,1654,1653,1236,1072,809
98480,3019,6,8,2072,1655,1221,973,854
99186,3018,6,4,2029,1654,1264,992,765
99890,3019,7,6,1653,1655,1224,1013,807
100594,3019,6,8,2067,1655,1225,1024,830
101300,3017,7,6,2024,1655,1269,1020,778
102005,3019,6,6,1654,1655,1214,946,824
102710,3019,6,8,2061,1654,1231,921,747
103415,3018,7,7,1654,1655,1275,905,693
104119,3017,6,7,1654,1654,1208,892,664
104823,3019,6,8,2056,1652,1234,870,638
105527,3018,7,6,1653,1653,1278,956,694
106231,3018,6,7,2078,1654,1201,913,684
106943,3018,6,8,2065,1654,1228,904,664
107638,3018,7,6,1649,1654,1271,897,645
108333,3018,7,7,1654,1654,1221,888,705
109025,3019,6,8,2069,1656,1218,958,665
109715,3018,6,7,2036,1654,1255,986,743
110406,3018,7,7,1654,1654,1262,1072,791
111097,3019,6,6,2101,1655,1200,969,848
111788,3019,7,8,2059,1654,1231,936,832
112486,3018,6,7,1936,1654,1412,964,743
113210,3019,6,8,2020,1655,1253,1056,716
113903,3018,6,8,2026,1655,1262,960,804
114593,3018,7,6,1654,1655,1280,995,737
115284,3018,6,7,1653,1653,1216,940,717
115973,3019,6,8,2069,1654,1218,909,692
116687,3018,7,7,2039,1654,1264,963,667
117395,3018,7,7,1654,1654,1218,992,672
118098,3019,6,8,2063,1655,1229,943,754
118803,3017,7,6,2024,1655,1271,1051,713
119508,3018,7,7,1654,1654,1216,965,733
120222,3019,7,8,2053,1655,1240,912,711
120925,3018,7,6,1654,1655,1277,898,742
121634,3018,6,7,2092,1654,1194,882,755
122385,3019,7,8,2040,1655,1275,882,753
123109,3019,6,7,2078,1655,1211,952,677
123817,3018,6,7,2032,1653,1261,987,743
124526,3018,7,7,1653,1654,1225,940,721
125230,3019,6,9,2068,1655,1224,915,758
125933,3018,7,6,2026,1655,1268,898,698
126659,3018,7,7,1654,1654,1195,951,733
127365,3019,6,8,2046,1654,1249,908,768
128069,3018,7,7,1653,1654,1255,1029,700
128772,3015,4,8,2084,1653,1206,948,717
129475,3017,6,8,2040,1654,1255,978,687
130178,3017,7,7,1653,1653,1246,1056,687
130881,3019,6,8,2079,1655,1214,967,791
131583,3018,7,7,2036,1653,1258,987,736
132288,3018,7,7,1654,1655,1236,1058,715
133024,3018,7,7,1924,1656,1349,1075,805
133755,3019,6,7,2052,1654,1231,1052,858
134460,3018,6,7,2030,1654,1261,1031,871
135164,3018,7,7,1654,1654,1249,943,874
135867,3019,7,8,2080,1654,1210,981,761
136574,3018,6,7,2037,1654,1258,993,726
137284,3019,7,7,1652,1654,1228,945,787
138001,3019,6,9,2063,1654,1231,893,720
138709,3018,7,6,1654,1654,1275,887,743
139423,3018,7,7,1653,1655,1344,916,683
140155,3019,6,8,2034,1654,1253,1035,732
140860,3018,7,6,2015,1655,1278,1030,804
141563,3018,7,7,1653,1654,1218,952,765
142270,3019,6,8,2057,1654,1235,926,786
142977,3018,7,4,1654,1654,1277,1042,714
143682,3018,6,7,2100,1654,1201,1024,798
144387,3019,7,9,2052,1653,1241,958,830
145089,3018,7,6,1654,1654,1275,919,755
145792,3018,6,7,2100,1655,1197,964,694
146498,3019,7,8,2052,1655,1242,908,683
147202,3018,8,7,1654,1654,1260,1030,655
147905,3019,6,7,2087,1654,1202,949,697
148609,3018,7,8,2042,1654,1250,975,682
149313,3018,7,6,1654,1654,1249,920,684
150016,3019,6,7,2079,1653,1210,904,660
150719,3018,6,7,2036,1655,1257,888,715
151422,3018,7,7,1654,1654,1239,892,736
152125,3019,6,8,2073,1653,1218,891,675
152850,3018,7,7,2031,1654,1356,924,652
153578,3018,7,6,1663,1655,1312,918,650
154284,3018,6,7,1769,1654,1218,903,719
154991,3019,6,8,2048,1654,1244,901,678
155708,3019,7,6,1653,1653,1261,885,659
156435,3019,6,8,2080,1654,1211,882,633
157150,3018,7,6,1650,1654,1277,884,625
157854,3018,6,7,2070,1654,1202,948,619
158559,3019,6,8,2053,1654,1240,1045,639
159263,3018,7,6,1653,1655,1273,1101,763
159966,3018,6,7,2098,1654,1196,981,844
160667,3019,6,8,2050,1654,1241,1058,764
161378,3018,7,6,1654,1654,1261,964,829
162085,3020,6,7,2086,1654,1203,914,755
162792,3017,7,8,2040,1654,1253,960,768
163497,3018,7,7,1653,1654,1246,985,717
164201,3019,6,8,2079,1655,1211,1001,708
164904,3019,6,7,2037,1654,1256,931,706
165608,3018,7,7,1654,1654,1241,989,676
166309,3019,4,8,2078,1655,1213,931,689
167035,3018,7,7,1653,1654,1255,969,676
167739,3019,6,8,2064,1655,1224,998,752
168444,3018,7,6,2026,1654,1267,1075,731
169147,3018,7,7,1653,1654,1224,981,820
169850,3019,6,8,2063,1655,1227,931,825
170554,3019,7,6,2024,1656,1271,1046,732
171256,3019,6,7,1653,1654,1214,1031,742
171961,3019,6,8,2058,1654,1231,963,807
172690,3018,7,7,1650,1655,1274,923,737
173416,3019,6,4,2231,1653,1122,935,761
174138,3018,6,7,2041,1655,1164,884,710
174861,3018,6,8,2054,1654,1241,964,732
175581,3018,7,7,1653,1653,1231,929,706
176289,3019,7,8,2065,1655,1224,905,678
177015,3018,7,6,1653,1654,1266,888,727
177719,3019,4,7,2091,1654,1192,949,670
178671,3019,7,7,1654,1654,1224,915,737
179457,3019,7,6,1653,1654,1273,970,684
180276,3018,7,6,1653,1654,1264,992,683
181090,3018,7,6,1760,1654,1274,1007,765
182041,3018,6,7,2089,1654,1213,940,813
182934,3019,7,7,1654,1654,1212,979,731
183802,3020,6,8,2070,1655,1218,1003,708
184841,3019,6,8,2043,1654,1267,1009,778
185772,3019,4,8,2056,1654,1234,949,819
186626,3020,6,8,2076,1654,1262,908,746
187430,3019,7,7,2035,1654,1256,886,694
188227,3015,6,8,2051,1653,1244,893,727
189015,3019,6,8,2057,1653,1231,964,678
189788,3018,7,7,1853,1655,1395,1117,748
190543,3019,6,8,2019,1654,1261,1134,846
191277,3018,7,6,1652,1655,1283,1147,901
192000,3019,6,8,2075,1655,1213,1010,932
192713,3018,6,7,2032,1654,1258,940,821
193579,3019,7,7,1653,1654,842,749,736
194431,3018,7,4,1654,1653,1233,897,616
195213,3018,6,8,2070,1654,1239,879,619
196049,3019,6,8,2064,1654,1228,884,684
196882,3019,7,8,2043,1653,1247,949,721
197735,3018,7,7,1665,1655,1273,992,695
198552,3018,7,7,1653,1655,1214,1004,699
199404,3018,7,6,1653,1655,1218,948,775
200210,3019,7,7,1653,1654,1205,908,789
201012,3018,6,7,2091,1655,1194,957,706
201931,3017,6,7,2052,1654,1242,935,686
202735,3019,7,6,1676,1654,979,979,672
203578,3019,7,6,2023,1654,1242,987,681
204429,3019,7,7,1653,1654,1234,943,761
205216,3018,7,6,1654,1654,1228,990,781
206089,3018,7,7,2097,1655,1197,927,739
207162,3019,7,6,2023,1654,1267,899,763
208235,3019,7,8,2056,1654,1242,903,691
209120,3018,7,6,1653,1654,1263,891,661
210023,3019,6,8,2065,1654,1228,890,638
210941,3018,7,6,1652,1654,1233,894,626
211679,3018,7,6,2026,1653,1264,887,622
212373,3018,7,7,1653,1654,1238,892,689
213065,3018,6,8,2081,1654,1205,957,652
213764,3018,6,7,1949,1654,1411,978,664
214484,3018,7,7,1653,1654,1272,1068,675
215175,3018,7,8,2057,1655,1227,1046,788
215866,3018,7,8,2037,1654,1251,956,835
216600,3018,7,6,1654,1654,1262,915,752
217305,3019,7,8,2063,1654,1227,976,699
217995,3018,7,6,2030,1654,1260,998,697
218688,3018,7,7,1654,1654,1252,1001,704
219379,3019,6,8,2094,1654,1196,1004,703
220070,3019,7,8,2058,1654,1231,948,776
220760,3019,7,6,2026,1650,1262,1053,721
221450,3018,7,7,1653,1654,1247,1030,807
222140,3019,6,7,2090,1654,1192,941,769
222829,3019,7,8,2056,1654,1233,987,710
223519,3018,7,7,2028,1653,1263,1073,775
224207,3018,7,7,1652,1654,1247,968,840
224895,3019,6,7,2092,1653,1196,913,760
225586,3019,7,8,2058,1654,1229,899,693
226278,3018,3,6,2026,1654,1263,888,658
227001,3019,6,6,2098,1654,1200,875,643
227693,3019,7,8,2058,1654,1229,957,622
228387,3018,7,6,2023,1655,1268,993,652
229090,3018,7,7,1653,1654,1228,942,680
229786,3018,6,8,2065,1654,1222,920,739
230476,3018,7,7,2034,1655,1256,893,691
231165,3018,7,6,1652,1654,1263,957,661
231853,3018,6,6,2078,1654,1206,915,665
232542,3019,7,8,2063,1655,1225,971,656
233230,3018,7,6,2031,1654,1258,989,744
233924,3018,7,7,2004,1654,1373,1052,720
234636,3018,7,7,1978,1653,1297,1045,738
235328,3018,7,6,1652,1654,1282,964,739
236018,3018,6,7,1824,1653,1212,918,706
236755,3019,7,8,2030,1654,1261,897,678
237450,3018,8,7,1653,1654,1246,902,721
238157,3019,6,8,2089,1654,1214,960,677
238850,3018,6,7,2036,1654,1253,1052,746
239544,3018,7,6,1653,1655,1266,1036,750
240256,3018,7,6,1653,1654,1175,946,815
240946,3019,6,6,2134,1654,1177,894,807
241633,3019,6,8,2070,1655,1218,960,783
242322,3018,6,7,2035,1654,1257,985,802
243011,3018,7,6,1653,1654,1258,1064,820
243700,3019,6,7,2100,1654,1203,963,792
244390,3019,7,8,2063,1654,1225,997,804
245080,3018,7,6,2032,1654,1257,1003,752
245769,3019,7,7,1653,1654,1260,1075,804
246514,3018,6,7,2103,1654,1203,969,855
247210,3018,8,6,1645,1654,1275,1065,770
247901,3018,6,7,1653,1654,1223,1046,835
248592,3019,6,8,2072,1654,1214,963,786
249283,3017,6,7,2037,1654,1252,910,735
249973,3018,7,6,1652,1654,1271,967,691
250663,3018,6,7,2026,1655,1207,920,683
251355,3019,6,8,2063,1654,1227,903,667
252044,3017,6,6,2028,1654,1261,959,648
252734,3018,6,7,1652,1653,1252,910,735
253424,3019,6,7,2091,1654,1194,887,757
254119,3019,7,8,2056,1654,1339,985,686
254826,3017,6,8,2007,1654,1271,929,688
255517,3018,8,7,2014,1654,1272,980,666
256214,3018,7,7,1653,1654,1250,923,682
256935,3019,6,8,2079,1655,1217,899,733
257668,3018,7,6,2021,1654,1271,1034,676
258374,3019,6,7,2089,1654,1196,1020,709
259079,3018,7,8,2042,1654,1249,943,785
259782,3018,7,7,1653,1654,1256,1050,792
260486,3018,6,7,2089,1654,1200,962,771
261189,3018,6,8,2042,1654,1250,912,722
261892,3018,7,6,1653,1654,1255,892,683
262596,3019,6,7,2087,1654,1200,951,653
263299,3018,6,8,2042,1654,1250,908,659
264002,3018,7,6,1652,1654,1256,1029,648
264705,3019,6,8,2086,1654,1201,945,759
265409,3018,6,8,2042,1654,1250,974,706
266112,3018,8,6,1653,1654,1256,919,694
266819,3019,6,7,2084,1654,1206,901,665
267536,3018,7,7,2026,1653,1264,1028,647
268240,3018,7,7,1652,1654,1225,959,760
268942,3019,6,8,2065,1654,1224,920,713
269646,3018,6,6,2025,1655,1268,1040,683
270350,3018,7,7,1653,1653,1219,957,782
271052,3018,6,8,2062,1654,1229,930,724
271755,3018,7,6,2021,1654,1272,907,757
272459,3017,6,7,1653,1653,1213,963,694
273164,3018,6,8,2057,1654,1235,931,687
273867,3017,7,6,1645,1656,1275,979,675
274579,3017,7,7,1905,1652,1355,965,681
275296,3018,7,7,1653,1653,1241,931,682
276000,3020,7,8,2050,1652,1239,913,671
276729,3018,7,6,1722,1654,1253,892,653
277451,3019,6,8,2080,1654,1208,954,705
278157,3017,7,6,2024,1655,1268,991,757
278861,3018,7,6,1654,1654,1221,1009,798
279565,3018,6,8,2065,1653,1227,949,752
280267,3018,7,6,2025,1654,1268,912,710
280972,3018,7,7,1653,1654,1221,904,746
281675,3019,7,8,2064,1654,1227,899,686
282378,3018,7,6,2023,1655,1269,888,663
283081,3018,7,7,1653,1654,1221,959,713
283785,3019,6,8,2064,1654,1228,921,689
284487,3018,7,6,2024,1655,1268,1039,665
285190,3018,7,6,1653,1654,1222,1031,774
285893,3019,6,8,2064,1654,1228,957,749
286600,3018,6,6,2025,1654,1271,989,708
287305,3018,7,7,1653,1653,1212,938,702
288012,3019,6,8,2056,1654,1236,1037,749
288729,3018,7,6,1654,1653,1269,954,813
289439,3019,6,8,2081,1654,1208,987,737
290148,3018,7,7,1940,1653,1326,1026,719
290864,3018,7,7,1653,1654,1251,1020,722
291568,3019,6,8,2061,1655,1229,953,722
292273,3018,7,6,2021,1655,1269,1056,692
292984,3018,6,7,1653,1653,1210,962,725
293692,3018,6,8,2053,1654,1240,910,698
294401,3018,7,6,1654,1654,1282,1040,736
295135,3018,7,7,1684,1654,1328,1125,738
295850,3019,6,6,2069,1653,1210,995,778
296573,3019,7,8,2040,1655,1251,929,737
297279,3018,7,7,1653,1654,1234,959,698
298005,3019,7,8,2052,1653,1239,925,759
298713,3018,3,6,1654,1654,1275,1045,708
299419,3019,6,7,2092,1654,1194,1021,728
300125,3018,6,8,2046,1653,1246,1079,724
300829,3019,7,6,1653,1654,1260,970,819
301532,3019,6,7,2090,1655,1195,987,746
302235,3019,7,8,2045,1654,1246,947,793
302937,3018,7,6,1653,1654,1263,910,728
303640,3019,6,6,2091,1654,1192,888,678
304343,3019,7,7,2046,1654,1245,1014,653
305046,3018,7,6,1653,1653,1268,941,757
305747,3019,6,8,2094,1654,1195,899,705
306457,3019,6,8,2043,1654,1247,877,670
307162,3018,7,6,1652,1654,1272,880,637
307865,3019,6,7,2091,1654,1197,875,621
308567,3018,7,7,2036,1653,1257,871,619
309270,3018,7,7,1653,1654,1230,890,610
309972,3019,6,8,2059,1654,1233,940,684
310674,3018,7,6,1647,1655,1279,915,746
311377,3017,6,7,2089,1654,1196,892,689
312103,3018,7,6,2021,1655,1274,1031,654
312808,3018,7,7,2089,1654,1200,949,697
313512,3019,6,8,2041,1654,1251,907,752
314216,3019,7,7,1653,1654,1239,974,697
314927,3019,6,7,1959,1654,1371,969,693
315654,3019,7,8,2012,1654,1272,995,686
316366,3018,7,6,1652,1653,1266,932,768
317104,3019,6,8,2073,1654,1221,981,705
317844,3018,7,6,1653,1654,1249,923,702
318555,3018,6,8,2073,1655,1218,905,675
319260,3018,6,6,2031,1652,1263,1032,722
319970,3018,6,7,1652,1654,1223,956,798
320673,3019,6,8,2064,1655,1227,995,730
321376,3018,7,6,2023,1655,1268,1012,787
322080,3018,7,7,1653,1654,1222,1020,753
322829,3017,7,7,2030,1654,1261,1085,738
323539,3018,7,7,1653,1654,1222,1056,829
324254,3019,6,8,2054,1653,1236,1092,789
324973,3018,7,6,1654,1653,1267,981,857
325681,3019,6,8,2081,1654,1210,1000,844
326386,3018,7,6,2037,1654,1256,935,843
327091,3018,7,7,1653,1654,1242,967,818
327996,3019,6,8,2045,1654,1247,909,744
328715,3017,7,6,1653,1654,1233,901,688
329420,3019,6,8,2069,1655,1222,894,654
330124,3018,7,6,2026,1655,1267,888,709
330829,3018,7,7,1653,1655,1222,891,664
331538,3019,6,8,2057,1655,1235,965,645
332243,3018,7,6,1647,1654,1278,925,661
332947,3018,6,7,2095,1654,1201,969,660
333650,3018,6,8,2050,1654,1242,937,744
334354,3018,7,6,1653,1653,1271,984,700
335068,3019,6,7,1653,1655,1007,844,699
335802,3018,4,6,2131,1654,1192,857,639
336511,3018,7,7,1653,1654,1188,864,617
337216,3019,6,8,2062,1653,1233,877,608
337923,3018,7,6,1653,1654,1274,884,615
338627,3019,6,7,2092,1654,1192,948,686
339329,3019,6,8,2046,1654,1246,903,676
340037,3020,7,7,1652,1654,1286,970,650
340762,3018,6,7,1652,1655,1266,923,666
341465,3019,7,8,2046,1654,1241,960,653
342170,3018,7,6,2017,1655,1273,923,738
342873,3018,7,7,1653,1654,1221,978,692
343575,3019,6,8,2063,1654,1228,1004,692
344278,3018,7,6,2024,1654,1269,1015,700
344981,3018,7,7,1653,1654,1221,951,711
345684,3019,7,8,2064,1654,1228,918,759
346388,3018,7,6,2025,1655,1268,897,705
347096,3019,7,7,1653,1653,1213,891,669
347800,3019,6,8,2056,1653,1234,896,645
348504,3019,7,6,1644,1655,1277,892,641
349207,3018,6,7,1971,1655,1206,953,636
349911,3019,6,8,2053,1653,1240,979,652
350615,3018,7,6,1652,1654,1277,932,743
351317,3018,6,7,2098,1653,1199,970,694
352020,3019,7,8,2050,1654,1244,937,760
352723,3018,7,6,1654,1654,1269,905,709
353428,3019,6,7,2087,1655,1196,957,676
354132,3018,7,8,2043,1654,1249,979,675
354835,3018,8,6,1653,1654,1256,998,682
355547,3018,6,7,1649,1654,1366,976,765
356270,3019,6,8,2046,1654,1235,942,722
357001,3018,7,6,1678,1654,1282,1053,692
357708,3018,7,7,1653,1653,1212,962,792
358413,3019,6,8,2054,1653,1238,976,737
359116,3018,7,6,1652,1654,1277,1006,785
359819,3018,6,7,2030,1653,1205,1010,749
360523,3019,7,8,2054,1654,1238,1024,800
361226,3017,7,7,1654,1655,1278,1030,761
361930,3018,6,7,2070,1654,1202,1018,816
362633,3019,6,8,2053,1650,1239,962,836
363336,3018,7,4,1654,1655,1278,993,755
364038,3018,6,7,2015,1655,1205,1003,726
364748,3019,6,8,2050,1654,1242,931,787
365468,3019,7,7,1653,1654,1255,1042,788
366178,3019,6,8,2074,1655,1216,1031,835
366882,3018,7,6,2031,1653,1261,1020,855
367584,3018,7,7,1653,1653,1233,960,785
368287,3019,6,8,2069,1655,1221,996,730
368991,3018,7,7,2026,1654,1266,1006,786
369695,3018,7,7,1652,1654,1224,947,821
370400,3019,6,8,2062,1654,1228,989,811
371103,3018,6,6,2023,1655,1274,1009,755
371807,3018,7,7,1653,1654,1214,941,737
372509,3019,7,9,2058,1654,1234,915,770
373212,3018,7,6,1650,1655,1275,971,702
373915,3018,7,7,1654,1654,1207,992,691
374618,3019,6,8,2056,1653,1238,1063,697
375324,3018,7,6,1653,1655,1279,1112,798
376051,3018,7,4,1653,1654,1180,1051,800
376755,3019,6,7,2130,1654,1168,949,843
377459,3019,7,8,2059,1654,1235,1042,822
378183,3018,7,7,1653,1654,1238,970,852
378885,3019,6,8,2075,1655,1214,921,765
379590,3020,6,7,2032,1654,1261,893,700
380292,3019,7,7,1654,1653,1239,899,659
380995,3019,6,8,2075,1655,1214,960,643
381698,3018,6,6,2032,1654,1258,985,730
382401,3019,7,6,1653,1653,1240,916,710
383104,3019,6,8,2075,1654,1214,896,672
383807,3018,7,7,2034,1653,1257,954,644
384511,3018,7,7,1652,1654,1240,1043,732
385214,3019,6,8,2075,1654,1214,963,808
385917,3018,7,7,2035,1654,1258,916,747
386620,3018,7,7,1653,1654,1244,1026,763
387323,3019,6,8,2075,1655,1216,953,814
388025,3018,7,7,2034,1653,1261,913,746
388728,3018,6,7,1653,1654,1239,908,688
389430,3019,6,8,2072,1654,1219,967,661
390136,3018,7,7,2030,1653,1263,916,673
390855,3018,7,6,1653,1654,1188,892,654
391560,3019,6,7,2119,1654,1175,871,639
392263,3018,7,8,2051,1654,1244,936,691
392964,3018,6,6,1653,1654,1255,971,747
393666,3019,6,8,2085,1654,1203,921,711
394370,3018,6,8,2041,1654,1253,964,677
395073,3018,7,7,1653,1654,1249,1051,752
395779,3019,6,8,1653,1654,996,943,819
396499,3020,6,8,2118,1654,1189,969,805
397203,3018,7,6,1654,1653,1263,919,811
397927,3019,6,8,2083,1654,1208,970,798
398632,3018,7,7,2036,1655,1256,1057,810
399335,3018,7,7,1654,1653,1242,1097,851
400037,3019,6,8,2078,1654,1213,982,887
400739,3018,7,7,2036,1654,1257,1067,786
401442,3018,8,7,1653,1654,1245,962,843
402144,3019,6,8,2080,1653,1210,915,754
402846,3018,7,7,2039,1654,1255,1035,700
403550,3019,7,7,1653,1654,1249,1090,788
404252,3019,6,8,2080,1654,1208,1050,786
404954,3018,7,8,2039,1653,1253,952,768
405657,3018,7,7,1653,1654,1251,905,715
406361,3019,6,8,2083,1654,1206,887,670
407066,3018,7,7,2037,1654,1257,876,648
407768,3018,7,7,1653,1654,1245,866,627
408470,3019,6,8,2079,1654,1212,875,610
409173,3018,6,6,2035,1654,1257,1013,680
409877,3018,7,7,1653,1656,1238,930,769
410597,3019,6,8,2069,1653,1225,914,780
411317,3018,7,6,1653,1654,1263,1037,778
412022,3018,6,7,2085,1654,1202,1023,758
412725,3018,6,8,2042,1654,1252,940,742
413427,3018,7,7,1653,1654,1253,979,697
414131,3019,4,8,2083,1654,1207,924,694
414833,3018,7,7,2037,1654,1256,971,741
415535,3018,7,7,1654,1653,1246,915,783
416247,3018,7,7,2004,1654,1263,1039,705
416995,3018,7,6,1649,1654,1294,967,725
417716,3018,6,7,2002,1654,1205,989,699
418424,3018,7,8,2035,1654,1256,929,697
419127,3018,7,6,1652,1654,1251,1040,675
419829,3019,6,7,2083,1654,1206,1025,711
420532,3017,7,8,2040,1653,1253,1019,788
421236,3018,7,7,1653,1654,1253,943,826
421938,3019,6,8,2084,1653,1205,981,738
422642,3018,6,8,2041,1654,1252,997,716
423361,3018,7,6,1653,1654,1242,951,781
424127,3019,7,9,2047,1654,1242,923,724
424874,3018,7,7,1653,1654,1230,910,691
425650,3019,7,6,1649,1655,1279,897,659
426405,3018,6,8,2065,1654,1225,890,638
427153,3018,7,7,1653,1654,1218,885,703
427870,3019,6,8,2050,1655,1242,964,654
428587,3018,7,7,1653,1654,1249,1052,670
429301,3019,6,8,2070,1655,1221,971,710
430013,3018,7,6,2023,1654,1271,926,768
430725,3019,6,7,1862,1654,1205,897,711
431435,3019,7,8,2046,1654,1246,880,664
432145,3018,7,7,1653,1654,1253,1015,708
432853,3019,6,7,2078,1654,1212,947,783
433575,3018,7,6,2023,1654,1272,990,719
434290,3019,6,7,2054,1654,1201,1000,780
435002,3019,4,8,2043,1654,1250,930,814
435714,3018,7,7,1654,1654,1241,990,728
436450,3018,7,7,1888,1653,1349,965,714
437199,3018,7,7,1652,1654,1313,943,694
437923,3019,6,7,2069,1654,1208,905,748
438631,3018,7,6,2020,1654,1268,890,686
439333,3018,7,7,1653,1653,1231,965,649
440033,3018,6,8,2068,1655,1222,926,666
440741,3017,7,7,1936,1654,1327,927,660
441515,3018,7,7,1653,1653,1299,986,726
442285,3018,7,7,2026,1653,1262,927,708
443129,3019,6,7,2053,1654,1240,967,683
443976,3018,7,6,1653,1652,1261,920,752
444723,3018,6,7,2031,1654,1257,894,693
445415,3018,7,7,1653,1653,1261,881,663
446105,3019,6,7,2101,1654,1205,875,642
446839,3019,7,6,2031,1653,1260,871,621
447535,3018,7,7,1652,1654,1242,894,611
448223,3018,6,8,2084,1654,1197,879,617
448913,3019,6,8,2051,1654,1238,864,610
449603,3019,7,6,2004,1655,1271,949,678
450291,3018,7,7,1652,1655,1235,995,675
450980,3019,6,7,2079,1654,1206,930,687
451671,3018,3,8,2045,1653,1246,970,665
452360,3018,7,6,1653,1654,1277,931,744
453049,3018,7,7,1654,1653,1224,979,768
453739,3019,6,8,2073,1654,1216,930,730
454429,3018,6,7,2037,1654,1251,898,760
455118,3018,7,6,1654,1654,1275,891,689
455809,3018,6,7,1653,1654,1212,957,659
456523,3019,6,7,1653,1654,965,885,666
457256,3018,6,6,2144,1653,1177,865,642
457965,3018,7,7,1653,1654,1217,876,626
458659,3019,6,8,2079,1655,1212,881,687
459349,3018,6,7,2039,1654,1251,1014,647
460040,3018,7,6,1652,1653,1272,943,753
460730,3018,6,7,1788,1654,1211,984,713
461427,3019,6,8,2063,1655,1229,938,772
462132,3018,7,6,2023,1654,1268,984,719
462830,3018,7,6,1653,1653,1221,1004,709
463522,3019,6,8,2069,1654,1218,948,708
464212,3018,6,7,2037,1654,1252,908,687
464902,3017,7,7,1653,1652,1275,893,659
465591,3018,6,8,1653,1654,1214,885,644
466279,3019,6,8,2068,1654,1218,884,633
467013,3018,7,7,1652,1655,1269,1021,622
467703,3019,6,7,1981,1654,1210,953,746
468394,3019,6,8,2063,1654,1225,993,776
469083,3018,7,6,2031,1653,1258,1072,741
469774,3018,7,7,1653,1653,1260,970,757
470465,3019,6,7,2100,1654,1201,990,720
471156,3019,7,8,2057,1654,1230,937,782
471847,3018,7,6,2025,1652,1263,980,725
472742,3019,6,7,2089,1654,1194,991,778
473445,3018,7,8,2045,1653,1247,1067,807
474134,3018,7,7,1653,1654,1275,971,853
474823,3018,6,7,1653,1654,1225,1001,771
475512,3019,6,7,2075,1655,1211,940,737
476202,3018,7,8,2042,1653,1246,974,766
476892,3018,7,8,1653,1654,923,809,797
477614,3019,6,8,2148,1654,1158,826,741
478311,3018,7,6,2050,1652,1246,920,649
479002,3018,7,7,1653,1653,1244,1028,649
479692,3019,6,7,2091,1654,1191,940,760
480381,3019,7,8,2056,1654,1233,918,704
481071,3018,7,6,2025,1654,1264,899,680
481760,3018,7,7,1654,1654,1247,1020,721
482450,3019,6,7,2090,1652,1191,941,792
483137,3019,7,8,2056,1654,1233,924,721
483826,3018,7,6,2026,1653,1264,902,686
484515,3018,7,7,1653,1653,1250,954,658
485205,3019,6,7,2091,1653,1195,910,737
485893,3019,6,8,2057,1654,1231,899,754
486607,3018,7,6,2026,1652,1279,897,688
487300,3018,6,7,1653,1655,1213,886,725
487989,3019,6,8,2063,1654,1223,962,666
488678,3018,6,7,2031,1654,1257,913,673
489366,3017,7,7,1653,1653,1268,892,653
490055,3018,6,7,2056,1653,1208,953,642
490748,3018,7,8,2061,1653,1333,1083,725
491458,3019,6,8,2004,1653,1273,1122,820
492147,3018,7,6,2009,1655,1278,1141,882
492836,3018,7,7,1652,1653,1252,997,921
493524,3019,6,7,2087,1654,1195,998,808
494212,3018,7,8,2054,1653,1233,952,824
494901,3018,7,6,2026,1653,1264,1051,744
495590,3019,7,7,1654,1653,1250,1096,818
496278,3019,6,7,2091,1653,1197,982,870
497006,3018,6,6,2032,1654,1356,1106,780
497720,3018,7,9,1989,1653,1289,1000,789
498411,3018,7,6,1653,1654,1289,949,744
499101,3018,7,7,1653,1653,1228,921,703
499792,3019,6,8,2072,1654,1214,899,670
500481,3018,6,8,2041,1653,1247,1023,720
501170,3018,7,6,1654,1655,1277,1096,726
501858,3018,6,7,1653,1654,1225,1061,759
