Time (us),Signal 0,Signal 1,Signal 2,Signal 3,Signal 4,Signal 5,Signal 6,Signal 7
1606,3019,7,7,1653,1654,1283,1045,0
2957,3019,7,7,1652,1654,1169,938,848
4194,3019,6,7,2239,1653,1097,858,824
5407,3019,6,7,2240,1654,1095,890,704
6701,3019,6,7,2228,1653,1103,841,735
8078,3020,4,6,1653,1653,1087,810,654
9428,3019,7,8,2063,1654,1240,932,673
10782,3019,6,8,2084,1654,1246,1036,665
12170,3019,7,7,2103,1654,1228,959,704
13541,3019,7,7,2101,1654,1225,925,687
14865,3019,7,7,1653,1653,1183,890,667
16031,3019,7,6,1652,1654,1161,870,649
17185,3020,6,6,1652,1654,1188,866,628
18335,3020,6,9,2045,1654,1234,885,620
19488,3019,6,8,2067,1654,1256,875,623
20645,3018,6,7,2091,1654,1236,862,614
21822,3019,8,7,2107,1654,1225,880,680
23007,3018,7,8,2106,1654,1223,888,644
24171,3018,7,7,2119,1653,1212,886,702
25328,3019,7,6,2095,1654,1197,947,658
26480,3018,7,7,1653,1653,1172,896,736
27648,3019,6,6,1650,1654,1172,873,684
28857,3019,7,7,1652,1654,1188,936,643
30023,3018,7,6,1652,1653,1163,957,653
31179,3019,7,6,1653,1654,1184,976,666
32339,3018,7,8,2040,1654,1222,932,676
33546,3020,6,6,1652,1656,1181,964,669
34698,3020,6,7,1798,1654,1214,991,672
35943,3020,6,8,2051,1655,1255,1067,688
37117,3018,7,6,1652,1654,948,860,797
38295,3019,6,8,2122,1654,1207,874,693
39512,3020,6,8,2054,1654,1224,954,650
40835,3019,7,7,2108,1653,1227,990,659
42187,3019,7,6,1653,1654,1189,993,683
43574,3018,7,6,1653,1654,1188,923,764
45018,3019,7,6,1652,1653,1246,1032,710
46199,3019,6,8,2067,1654,1257,1089,725
47354,3018,6,8,2083,1653,1242,995,755
48529,3019,7,8,1967,1654,1426,1145,735
49724,3018,7,7,1653,1654,1242,1021,783
50875,3019,7,7,1653,1653,1186,1010,759
52025,3019,6,7,2035,1653,1222,946,807
53223,3019,6,6,1654,1653,1205,905,730
54390,3020,6,7,2037,1654,1224,898,684
55537,3020,6,8,2063,1654,1260,885,660
56686,3019,7,8,2095,1654,1231,891,642
57883,3018,7,7,2087,1653,1241,896,633
59039,3018,7,7,2105,1653,1223,897,636
60188,3019,7,6,1653,1654,1190,951,633
61335,3019,7,6,1653,1653,1166,965,650
62513,3019,6,6,1649,1654,1208,920,735
63665,3020,6,8,2078,1654,1252,964,691
64815,3019,6,8,2089,1654,1240,910,681
65965,3018,8,7,2109,1653,1219,969,728
67112,3019,7,6,2046,1654,1194,915,778
68261,3018,7,6,1653,1653,1166,879,713
69435,3019,7,7,1849,1653,1367,920,732
70623,3018,7,6,1653,1653,1197,894,684
71783,3019,7,7,1652,1654,1183,946,650
72895,3019,6,7,1711,1653,1260,909,726
74047,3019,6,8,2087,1653,1238,901,678
75196,3019,7,7,2118,1654,1212,896,652
76345,3018,8,6,1652,1654,1178,870,639
77493,3020,6,6,1653,1654,1183,937,620
78640,3020,6,7,2037,1653,1225,982,642
79790,3019,6,7,2067,1654,1257,927,737
80937,3018,6,8,2094,1653,1230,908,761
82086,3019,7,8,2126,1655,1202,960,703
83236,3019,7,7,1653,1653,1168,898,759
84384,3019,6,6,1653,1654,1184,874,688
85531,3019,6,7,2036,1653,1223,952,720
86860,3020,6,8,2061,1652,1249,907,763
88075,3019,7,7,1653,1654,1315,982,702
89120,3018,7,7,1653,1654,1219,929,695
89851,3019,6,8,2169,1654,1142,877,671
90561,3018,6,6,2053,1654,1245,868,644
91269,3018,7,7,1652,1653,1213,871,620
91976,3018,6,8,2063,1654,1228,884,609
92702,3018,7,7,1644,1654,1257,1020,617
93413,3019,6,8,2083,1653,1207,1019,742
94121,3018,7,7,2035,1654,1258,1085,802
94829,3018,7,7,1653,1655,1230,984,859
95538,3019,6,8,2068,1655,1224,936,772
96246,3018,7,6,2023,1654,1271,905,719
96956,3018,7,7,1654,1654,1208,888,672
97686,3018,7,7,2037,1654,1256,876,649
98397,3018,7,7,1653,1654,1231,888,626
99107,3019,6,8,2065,1654,1224,887,628
99819,3018,7,6,2019,1655,1273,882,697
100540,3019,6,7,2087,1654,1200,949,659
101249,3018,6,8,2042,1653,1252,976,731
101957,3018,7,7,1653,1654,1242,1059,782
102661,3018,7,8,2074,1655,1217,965,837
103361,3018,6,6,2031,1654,1260,986,753
104058,3018,7,7,1652,1654,1242,1064,798
104753,3019,6,8,2083,1655,1205,1040,847
105446,3018,7,8,2045,1654,1246,1019,793
106147,3018,7,7,1654,1654,1277,947,830
106899,3018,7,7,1652,1654,1197,908,750
107619,3019,6,8,2056,1654,1235,904,688
108316,3018,7,6,1653,1655,1275,894,660
109010,3018,6,7,1653,1654,1212,885,639
109715,3018,6,7,1891,1654,1356,996,700
110432,3018,7,7,1653,1654,1315,956,704
111127,3018,7,7,1653,1654,1228,925,693
111823,3019,6,8,2061,1655,1227,909,666
112572,3019,7,7,2029,1652,1263,890,721
113291,3019,6,8,2091,1654,1200,951,675
113998,3018,7,6,2037,1653,1253,982,744
114706,3019,7,7,1653,1654,1238,1059,789
115410,3019,6,7,2074,1655,1217,970,842
116116,3019,7,7,2029,1652,1263,996,831
116822,3018,7,7,1653,1654,1225,940,769
117533,3018,6,8,2062,1654,1229,985,716
118242,3018,7,7,1645,1655,1275,931,775
118948,3018,6,7,2050,1654,1201,971,709
119655,3018,7,8,2051,1653,1241,937,692
120359,3017,7,6,1653,1654,1271,905,682
121067,3019,6,7,2091,1654,1192,956,661
121772,3018,6,8,2043,1654,1249,1046,665
122478,3018,7,6,1653,1653,1252,954,776
123184,3019,6,8,2081,1654,1208,984,727
123891,3018,6,6,2035,1653,1258,927,711
124597,3018,7,7,1653,1654,1229,912,686
125303,3019,7,8,2065,1654,1227,898,731
126010,3018,7,6,2021,1655,1272,893,750
126756,3019,6,7,1946,1654,1200,879,754
127469,3018,7,6,1836,1655,1273,1020,677
128177,3018,6,7,2003,1654,1203,949,771
128884,3019,7,8,2050,1654,1244,904,717
129597,3017,7,6,1653,1654,1285,902,743
130326,3018,7,7,1952,1655,1324,916,686
131033,3018,7,7,1653,1654,1234,1023,733
131740,3019,6,8,2054,1654,1236,959,799
132402,3018,7,6,1653,1654,1277,1064,737
133111,3018,7,7,1653,1653,1257,963,752
133818,3019,6,8,2083,1653,1207,990,711
134525,3017,7,7,2035,1654,1257,1068,703
135231,3018,7,7,1653,1654,1234,981,803
135937,3019,6,8,2070,1654,1222,1004,747
136644,3018,6,6,2025,1655,1267,1079,726
137365,3018,8,7,1653,1654,1199,976,820
138086,3019,6,8,2200,1655,1124,959,822
138798,3018,7,6,2054,1654,1245,980,816
139504,3018,6,7,1654,1653,1205,921,824
140210,3019,7,8,2061,1654,1230,979,728
140917,3018,7,6,1648,1655,1275,1002,708
141626,3018,6,7,2098,1654,1196,934,782
142359,3018,6,7,2034,1653,1261,901,713
143089,3019,6,6,2094,1654,1194,879,742
143795,3019,7,7,2045,1654,1250,873,678
144501,3018,7,7,1652,1653,1251,1014,713
145207,3019,6,8,2081,1654,1208,1014,785
145912,3018,6,6,2035,1654,1258,938,749
146618,3018,7,7,1652,1653,1231,919,775
147323,3018,7,8,2069,1655,1222,971,702
148028,3018,7,6,2026,1655,1268,1064,763
148733,3018,7,7,1653,1654,1214,967,832
149440,3019,6,8,2058,1653,1235,929,758
150151,3018,7,7,1931,1654,1326,998,702
150874,3019,7,7,1653,1654,1296,947,703
151581,3019,6,6,2078,1654,1205,981,680
152286,3018,6,8,2040,1654,1251,924,688
153011,3018,7,7,1652,1654,1228,978,669
153722,3019,7,8,2062,1654,1230,937,677
154428,3018,6,6,1733,1654,1273,985,665
155135,3018,6,7,1652,1654,1207,931,752
155841,3018,7,8,2054,1654,1238,913,770
156546,3018,7,6,1654,1653,1278,899,699
157268,3017,6,6,2097,1655,1195,884,669
157975,3018,6,7,2035,1654,1256,875,642
158682,3018,7,6,1653,1654,1236,890,698
159392,3019,6,8,2068,1655,1222,886,661
160113,3018,7,6,1937,1654,1275,885,644
160823,3018,6,7,2092,1654,1194,875,627
161529,3019,6,8,2046,1653,1246,865,617
162235,3018,7,7,1654,1654,1255,937,606
162943,3019,6,7,2113,1654,1188,971,631
163648,3019,7,8,2050,1655,1242,1053,727
164354,3018,7,7,1652,1654,1255,960,809
165060,3019,6,8,2083,1654,1207,987,737
165764,3018,7,6,2035,1654,1257,926,786
166472,3018,7,7,1652,1654,1238,888,721
167178,3019,6,8,2069,1654,1223,959,738
167883,3018,6,6,2025,1654,1267,993,704
168590,3018,7,7,1653,1654,1218,1007,705
169296,3019,6,8,2059,1654,1234,947,706
170006,3018,7,6,1653,1654,1279,1059,683
170730,3018,7,7,1645,1654,1326,990,722
171436,3018,6,7,1998,1654,1219,1006,716
172142,3019,6,8,2046,1654,1245,1070,787
172851,3018,7,6,1653,1653,1267,1111,778
173557,3019,6,7,2089,1654,1197,986,858
174263,3019,6,8,2043,1653,1250,921,844
174969,3018,7,6,1650,1654,1251,1032,741
175677,3019,6,8,2079,1653,1211,1023,738
176398,3018,7,6,2025,1654,1269,951,800
177114,3017,7,7,1653,1654,1217,914,730
177822,3019,7,8,2048,1654,1242,981,754
178528,3018,7,7,1652,1653,1262,925,726
179237,3019,6,9,2085,1653,1202,968,758
179969,3018,7,7,2036,1654,1260,920,719
180679,3018,7,7,1671,1654,1206,894,682
181386,3019,6,8,2053,1654,1240,894,724
182091,3018,7,6,1652,1654,1275,1031,671
183223,3019,7,6,1676,1654,1275,954,772
184010,3019,7,8,2045,1653,1252,979,717
184824,3018,6,7,2039,1654,1257,993,702
185639,3019,6,8,2054,1654,1246,996,776
186577,3018,7,6,1653,1654,1192,925,810
187657,3019,7,6,1653,1654,1266,970,724
188501,3018,6,4,2199,1653,1141,967,702
189310,3019,7,7,2070,1653,1235,979,760
190119,3019,6,8,2048,1654,1250,916,798
190979,3019,6,8,1916,1654,1351,931,724
191790,3020,7,8,2018,1654,1272,904,692
192590,3019,6,8,2054,1653,1242,902,733
193431,3020,7,8,2036,1654,1257,1025,686
194235,3019,7,8,2043,1653,1252,1086,778
195052,3019,6,8,2043,1654,1253,1114,848
195848,3020,7,8,2053,1654,1242,1122,894
196661,3019,6,8,2056,1654,1240,1008,918
197462,3019,6,8,2064,1654,1228,952,815
198278,3019,6,8,2059,1654,1233,920,737
199067,3019,6,8,2084,1654,1210,970,687
199877,3018,6,7,2094,1654,1200,920,683
200684,3018,6,7,2095,1654,1196,891,732
201486,3019,7,7,1653,1654,1203,886,747
202281,3018,7,7,1653,1653,1223,892,680
203145,3019,6,8,2094,1655,1200,951,650
204103,3018,6,6,1754,1654,1192,910,727
204961,3019,6,8,2061,1653,1234,902,750
205819,3020,6,7,2029,1655,1267,959,684
206650,3019,7,6,2025,1655,1274,997,678
207454,3018,7,6,1653,1654,1273,1008,694
208164,3019,6,7,2089,1654,1201,1008,702
208872,3018,6,6,2039,1654,1255,938,781
209579,3018,4,6,1653,1654,1239,992,788
210285,3019,6,8,2072,1655,1222,940,744
211002,3019,7,7,1654,1654,991,813,770
211736,3018,6,7,1653,1654,1148,822,659
212466,3019,6,8,2072,1654,1225,859,611
213179,3018,7,7,1654,1654,1224,874,600
213886,3018,6,8,2068,1655,1224,882,600
214592,3018,7,6,2024,1654,1271,885,605
215299,3018,6,6,1653,1654,1214,881,680
216006,3018,6,8,2058,1654,1234,963,641
216712,3018,7,6,1654,1653,1279,925,664
217418,3018,6,6,2102,1654,1196,965,654
218125,3018,7,8,2047,1653,1245,1051,735
218832,3018,7,6,1653,1654,1260,962,811
219537,3019,6,7,2087,1653,1201,916,743
220243,3018,6,8,2040,1654,1252,1034,695
220948,3018,7,6,1652,1653,1247,1021,717
221657,3019,6,8,2076,1655,1216,1020,721
222363,3018,6,7,2030,1653,1262,1087,720
223092,3018,7,6,1652,1654,1214,982,820
223798,3019,6,8,2065,1654,1229,1008,755
224505,3018,7,6,1645,1654,1277,1020,804
225212,3018,6,7,2100,1653,1201,940,765
225919,3019,7,8,2046,1654,1245,1039,708
226625,3019,7,7,1653,1653,1256,1094,794
227331,3021,6,8,2084,1654,1207,982,858
228039,3018,6,7,2035,1654,1260,924,774
228747,3018,7,7,1653,1652,1229,905,706
229455,3019,6,8,2063,1653,1228,901,665
230161,3018,7,6,1940,1655,1273,890,652
230871,3018,6,7,1653,1654,1207,954,633
231605,3018,6,7,1652,1654,1128,886,654
232326,3019,6,8,2087,1653,1218,886,636
233059,3018,7,7,1652,1654,1216,890,695
233768,3018,6,8,2061,1654,1230,893,656
234474,3018,7,6,1645,1654,1277,960,645
235180,3018,6,7,2101,1653,1199,914,659
235884,3019,6,8,2047,1654,1245,957,653
236591,3018,7,7,1653,1653,1260,982,736
237297,3019,7,7,2084,1653,1205,932,711
238006,3018,6,7,2036,1654,1257,970,682
238727,3018,7,7,1653,1653,1271,923,682
239436,3019,6,7,2054,1653,1235,907,661
240143,3018,7,7,2021,1655,1273,897,653
240850,3018,7,7,1653,1653,1216,888,709
241577,3019,6,8,2058,1654,1250,1015,667
242287,3018,7,7,1653,1654,1246,1076,764
243012,3019,6,8,2061,1654,1231,989,768
243721,3017,7,6,1652,1654,1279,1013,802
244428,3019,6,6,2101,1654,1197,935,830
245136,3019,7,8,2045,1653,1249,968,813
245843,3018,7,7,1653,1653,1252,986,816
246549,3019,4,8,2079,1654,1212,1001,829
247256,3018,7,7,2032,1654,1261,934,769
247965,3018,6,7,1654,1653,1225,984,783
248671,3019,6,8,2064,1654,1229,1007,733
249378,3018,8,6,1721,1654,1274,1081,797
250085,3018,6,7,1945,1653,1203,970,855
250791,3018,4,8,2050,1654,1241,1056,771
251504,3018,7,7,1923,1654,1339,1064,832
252228,3019,6,7,1652,1654,1234,979,792
252937,3019,6,8,2045,1653,1245,938,744
253646,3018,7,4,1650,1653,1274,981,705
254352,3019,6,6,2086,1653,1192,921,697
255059,3019,6,8,2043,1653,1249,890,675
255765,3018,7,7,1652,1654,1253,948,644
256472,3020,6,8,2081,1653,1208,909,728
257178,3017,7,7,2036,1654,1256,890,753
257883,3018,7,7,1653,1653,1240,968,687
258591,3019,6,8,2074,1654,1218,923,681
259297,3018,6,7,2029,1652,1264,974,661
260009,3018,7,7,1653,1654,1216,929,676
260729,3019,7,8,2056,1654,1240,890,732
261457,3018,7,6,1653,1653,1258,1023,672
262167,3019,6,8,2067,1655,1225,1025,700
262876,3018,7,6,2025,1655,1269,953,786
263584,3018,7,7,1653,1654,1208,987,796
264290,3019,7,8,2052,1654,1240,948,747
264997,3018,7,6,1652,1653,1269,914,705
265704,3019,6,7,2086,1655,1200,893,676
266409,3018,7,8,2039,1654,1253,949,649
267116,3018,7,7,1653,1654,1242,927,656
267822,3019,6,8,2073,1655,1217,975,654
268529,3018,6,6,2026,1654,1266,923,741
269235,3018,7,7,1654,1654,1219,975,689
269940,3018,6,8,2059,1653,1230,931,684
270661,3018,7,7,1654,1653,1262,979,666
271370,3019,6,8,2086,1654,1183,984,681
272090,3019,6,8,2172,1654,1145,904,755
272798,3017,7,6,2053,1653,1247,903,688
273505,3018,7,7,1654,1654,1216,962,665
274211,3019,7,8,2064,1653,1228,924,739
274918,3018,7,6,1805,1655,1274,979,689
275624,3017,7,7,1653,1654,1208,927,759
276331,3019,7,8,2053,1653,1239,984,704
277040,3018,7,6,1652,1654,1269,931,702
277747,3019,6,7,2090,1654,1194,968,681
278453,3018,6,8,2043,1653,1250,915,681
279160,3018,8,6,1653,1653,1251,888,663
279866,3019,6,8,2083,1654,1208,880,644
280573,3018,7,7,2035,1654,1257,877,625
281293,3018,7,7,1654,1653,1236,1006,688
282002,3019,7,8,2058,1654,1235,1001,770
282710,3018,7,7,1650,1653,1245,1000,810
283418,3018,7,7,1653,1654,1216,940,755
284123,3019,6,8,2064,1654,1230,913,706
284830,3017,7,6,1660,1654,1277,975,744
285537,3018,7,7,2075,1653,1201,921,717
286243,3019,6,8,2048,1653,1244,890,684
286948,3018,7,6,1653,1655,1261,952,724
287655,3019,6,7,2086,1654,1203,909,693
288365,3018,6,7,2037,1654,1352,1065,659
289084,3018,7,7,1653,1654,1282,1047,782
289791,3019,6,8,2067,1655,1221,962,760
290496,3018,7,7,2029,1654,1261,986,714
291203,3018,7,7,1653,1653,1233,946,703
291918,3019,7,7,1652,1654,1063,921,753
292657,3019,6,8,2089,1654,1221,901,765
293370,3019,7,7,1653,1654,1213,963,693
294077,3019,6,8,2067,1653,1224,997,687
294782,3018,7,6,2021,1655,1271,1014,694
295488,3018,7,7,1653,1653,1211,941,708
296194,3018,7,8,2056,1653,1234,989,681
296900,3018,6,6,1652,1655,1277,934,692
297607,3018,6,7,2102,1653,1197,901,671
298313,3019,7,8,2048,1654,1241,971,719
299018,3018,7,7,1653,1655,1266,1065,704
299725,3019,6,7,2090,1654,1197,962,735
300431,3018,7,8,2043,1654,1250,912,702
301135,3018,7,6,1653,1654,1252,959,675
301860,3019,6,8,2067,1654,1224,920,748
302570,3018,7,6,2020,1655,1271,1041,700
303277,3018,6,7,1653,1654,1206,1025,722
303982,3018,6,7,2053,1654,1239,1078,722
304687,3018,7,6,1653,1654,1272,975,818
305392,3020,6,7,2091,1654,1195,990,747
306097,3018,6,8,2042,1653,1250,926,794
306803,3018,7,7,1653,1654,1250,896,721
307510,3019,6,8,2078,1653,1212,890,669
308214,3018,6,7,2032,1654,1260,1018,648
308920,3018,7,7,1653,1654,1231,954,757
309625,3018,6,9,2067,1654,1225,918,710
310333,3018,7,6,2021,1655,1272,897,681
311040,3018,8,7,1653,1653,1212,886,650
311748,3019,7,8,2056,1654,1236,894,630
312473,3019,7,7,1703,1654,1315,905,632
313185,3018,6,7,2080,1655,1210,897,630
313891,3018,7,7,2043,1655,1249,951,697
314600,3018,7,7,1653,1654,1257,910,757
315322,3019,6,8,2070,1654,1221,899,691
316029,3018,7,7,2028,1654,1266,1030,659
316735,3018,7,7,1654,1655,1221,958,699
317442,3019,6,8,2059,1653,1230,927,755
318149,3018,7,6,1654,1655,1275,1046,706
318855,3018,6,7,1995,1653,1203,958,728
319561,3019,7,8,2051,1654,1241,976,697
320267,3018,7,6,1653,1654,1273,925,765
320972,3019,6,7,2091,1654,1194,967,703
321692,3019,6,8,2042,1654,1258,920,693
322403,3018,7,7,1653,1654,1233,909,670
323110,3019,6,8,2065,1654,1227,974,720
323817,3018,7,6,2023,1655,1272,925,772
324524,3018,7,7,1653,1654,1207,973,706
325230,3019,6,8,2051,1654,1240,942,764
325936,3018,7,6,1653,1654,1269,1053,713
326643,3019,6,7,2087,1654,1197,1028,735
327348,3018,6,8,2041,1654,1252,1089,802
328056,3019,7,6,1653,1654,1244,1113,792
328780,3019,6,8,2073,1655,1225,996,865
329494,3018,7,6,1653,1654,1274,1079,857
330201,3019,6,7,2089,1654,1196,970,882
330909,3018,6,8,2041,1654,1252,987,849
331943,3019,7,7,1653,1654,1242,919,770
332721,3018,6,6,2177,1654,1168,876,702
333438,3019,6,8,2119,1654,1180,866,652
334146,3018,7,7,2042,1654,1253,869,695
334854,3018,7,7,1653,1654,1224,881,649
335561,3019,6,8,2064,1653,1228,959,634
336267,3018,7,7,1726,1655,1275,921,653
336973,3018,6,7,1652,1653,1206,969,654
337679,3019,7,8,2052,1654,1240,935,741
338388,3018,7,6,1653,1654,1284,990,699
339107,3018,7,7,1653,1654,1264,935,700
339813,3019,7,8,2045,1653,1242,920,678
340521,3018,7,6,1702,1655,1277,978,663
341228,3018,6,7,1665,1654,1207,924,678
341935,3019,6,8,2052,1654,1240,891,666
342645,3018,7,6,1654,1653,1269,1029,713
343350,3019,6,7,2089,1654,1197,947,724
344058,3018,7,8,2040,1654,1252,975,692
344765,3018,7,7,1653,1654,1244,916,687
345472,3019,6,8,2073,1654,1216,970,661
346179,3019,6,6,2028,1653,1266,924,747
346886,3018,7,7,1652,1655,1221,978,697
347592,3019,6,8,2061,1654,1231,1006,694
348300,3018,6,6,1647,1655,1278,1021,702
349006,3018,6,6,2102,1654,1199,945,714
349712,3019,7,8,2048,1653,1245,921,758
350419,3018,7,7,1653,1653,1258,893,706
351125,3019,6,8,2084,1654,1206,885,667
351832,3018,7,7,2037,1654,1257,877,641
352561,3018,6,8,1652,1654,1057,814,631
353290,3018,6,7,2152,1654,1150,893,599
353999,3019,7,8,2059,1654,1238,948,608
354706,3018,7,6,1653,1654,1250,907,710
355412,3019,6,8,2081,1655,1207,962,667
356120,3018,6,7,2037,1654,1258,916,743
356827,3018,7,7,1654,1654,1238,907,693
357534,3019,6,8,2069,1655,1222,967,666
358241,3017,7,7,2025,1655,1267,991,676
358947,3018,7,6,1654,1654,1222,943,687
359653,3019,6,8,2063,1654,1229,915,743
360360,3018,7,6,1748,1655,1274,975,688
361067,3018,7,7,1654,1654,1207,993,691
361774,3019,6,8,2054,1654,1238,942,764
362484,3018,7,6,1653,1655,1273,982,719
363193,3019,6,7,2086,1654,1203,931,777
363899,3017,6,6,2040,1654,1255,1041,713
364605,3019,7,7,1654,1654,1242,1017,796
365312,3018,6,9,2073,1655,1218,956,755
366019,3018,6,6,2028,1654,1266,1054,783
366727,3018,7,7,1653,1654,1219,973,836
367433,3019,6,8,2059,1654,1233,1003,758
368139,3018,7,6,1650,1654,1278,1084,733
368855,3018,6,7,2089,1655,1199,975,825
369578,3018,6,8,2037,1654,1258,1064,824
370290,3017,7,7,1653,1654,1216,1042,862
370998,3020,6,8,2057,1654,1235,1039,871
371706,3018,7,6,1654,1653,1279,1036,802
372416,3020,6,7,2092,1654,1192,1021,769
373153,3019,7,8,2004,1655,1266,1019,815
373865,3019,7,7,2013,1653,1275,953,841
374572,3018,7,7,1653,1654,1245,1045,824
375277,3019,6,7,2070,1654,1221,969,783
375984,3018,6,6,2028,1652,1264,918,733
376691,3018,7,7,1652,1654,1224,901,759
377399,3019,6,8,2063,1654,1229,969,689
378106,3018,7,6,1787,1654,1274,1064,683
378812,3018,6,7,1652,1654,1208,1040,725
379518,3019,6,8,2054,1654,1236,1036,802
380224,3017,7,7,1655,1654,1280,1103,770
380930,3018,6,7,2100,1654,1197,987,851
381636,3019,6,8,2048,1654,1245,1064,841
382364,3018,7,7,1653,1654,1231,979,869
383091,3019,6,8,2052,1654,1240,935,777
383799,3018,7,6,1652,1654,1264,902,713
384505,3019,6,7,2085,1654,1202,887,669
385211,3018,4,8,2039,1654,1255,1018,643
385916,3018,7,7,1653,1654,1244,1007,755
386621,3019,6,8,2074,1654,1217,941,730
387327,3017,7,7,2030,1652,1263,904,692
388033,3018,7,7,1653,1654,1225,969,658
388744,3019,6,8,1652,1654,976,894,743
389467,3019,6,8,2112,1653,1196,881,749
390172,3018,7,6,1653,1654,1246,874,684
390880,3019,6,8,2091,1654,1199,941,714
391586,3018,6,7,2042,1654,1250,902,755
392291,3018,7,7,1653,1653,1249,884,695
393021,3019,6,7,1959,1654,1302,899,652
393743,3018,7,7,2000,1654,1282,1034,639
394449,3018,7,7,1652,1654,1252,945,692
395157,3019,6,8,2073,1655,1221,919,673
395864,3019,7,6,2029,1652,1264,899,660
396570,3019,7,6,1653,1654,1227,967,714
397276,3019,7,8,2067,1654,1225,998,769
397981,3018,7,6,2024,1654,1269,940,736
398687,3018,7,7,1653,1654,1216,981,697
399394,3019,6,8,2057,1653,1234,1053,768
400099,3018,7,6,1647,1654,1277,1107,827
400804,3018,6,7,2062,1654,1203,1054,880
401510,3019,7,8,2051,1654,1241,952,882
402238,3019,7,7,1653,1654,1238,973,846
402948,3019,6,8,2068,1656,1223,1000,836
403656,3018,7,7,2025,1655,1271,1080,838
404364,3018,7,7,1652,1654,1214,974,875
405071,3019,7,8,2057,1654,1236,1053,775
405778,3018,7,6,1652,1655,1278,970,833
406485,3018,6,7,2101,1654,1199,914,753
407192,3019,6,8,2048,1654,1244,1030,699
407900,3019,7,7,1653,1653,1260,1091,786
408607,3019,6,8,2083,1653,1205,1048,786
409313,3018,6,7,2037,1654,1256,954,768
410020,3019,7,7,1652,1654,1242,903,715
410727,3019,6,8,2074,1655,1217,891,669
411434,3018,7,7,2030,1652,1263,880,649
412140,3019,7,7,1653,1653,1227,882,628
412867,3019,6,8,2051,1654,1241,873,619
413590,3018,7,9,1980,1655,1295,1025,682
414301,3018,7,7,1653,1654,1283,954,775
415026,3019,7,7,2076,1654,1214,923,794
415753,3018,8,6,1653,1654,1280,1050,787
416460,3018,6,7,2100,1654,1199,1025,769
417167,3018,6,8,2047,1654,1246,938,749
417873,3018,7,6,1652,1654,1258,980,700
418580,3019,7,8,2084,1653,1205,923,697
419286,3018,6,7,2039,1654,1255,970,742
419993,3019,6,4,1653,1653,1242,914,783
420699,3019,6,8,2076,1654,1214,971,705
421406,3018,6,7,2031,1652,1262,918,697
422127,3018,7,7,1653,1654,1211,969,666
422855,3018,7,8,2039,1654,1255,918,672
423564,3017,7,6,1652,1654,1239,982,659
424272,3019,6,8,2072,1654,1218,1002,678
424979,3019,7,6,2028,1653,1266,1012,764
425685,3018,7,6,1653,1654,1223,952,811
426391,3018,6,8,2063,1654,1229,995,735
427099,3017,7,7,1967,1654,1272,1013,721
427805,3018,6,7,1653,1655,1211,946,791
428512,3018,7,8,2053,1654,1239,918,725
429219,3018,7,7,1654,1654,1278,904,692
429925,3019,6,7,2090,1654,1195,881,658
430632,3019,7,8,2042,1654,1249,870,631
431339,3019,7,7,1652,1653,1255,866,691
432045,3019,6,7,2081,1654,1207,942,642
432766,3018,7,7,2035,1655,1268,1050,653
433481,3018,7,7,1908,1654,1351,1073,704
434203,3018,7,8,1652,1653,1250,965,805
434910,3019,6,8,2047,1654,1242,908,746
435615,3018,7,6,1645,1655,1279,902,687
436323,3018,6,7,2098,1654,1200,958,727
437028,3019,6,8,2046,1653,1246,909,768
437736,3018,7,7,1652,1654,1257,965,695
438441,3019,6,8,2083,1654,1208,991,759
439149,3018,7,7,2214,1653,1123,897,800
439866,3019,7,6,1653,1654,1231,970,708
440571,3019,6,8,2096,1653,1194,914,697
441277,3018,7,8,2041,1654,1251,892,664
441998,3018,7,6,1652,1654,1247,875,711
442706,3019,6,8,2064,1653,1219,877,655
443413,3018,7,7,2029,1653,1263,1020,628
444121,3018,7,7,1652,1654,1233,957,680
444827,3019,6,8,2068,1654,1223,919,677
445532,3018,7,7,2026,1654,1267,968,731
446238,3018,7,7,1653,1654,1223,924,705
446943,3018,6,8,2062,1654,1229,913,680
447648,3018,6,6,2021,1655,1272,899,728
448355,3018,7,7,1652,1654,1212,891,673
449060,3019,6,8,2057,1654,1234,892,652
449766,3018,7,6,1645,1655,1277,886,641
450471,3018,6,7,2029,1655,1202,877,626
451176,3018,6,9,2051,1654,1240,896,614
451882,3017,7,6,1653,1654,1275,887,621
452591,3017,6,7,2091,1654,1192,874,617
453302,3018,6,8,2041,1654,1252,946,683
454026,3018,7,7,1967,1652,1312,1001,675
454734,3018,7,7,1653,1654,1239,946,689
455443,3019,6,8,2057,1654,1234,926,673
456150,3018,7,6,1764,1655,1275,908,731
456857,3018,7,7,1652,1654,1208,962,752
457563,3019,7,8,2054,1654,1239,908,713
458269,3018,7,6,1653,1654,1279,899,744
458974,3018,6,6,2096,1654,1197,885,681
459680,3018,6,8,2046,1653,1244,1013,652
460402,3019,7,6,1653,1654,1240,1028,689
461109,3019,6,8,2072,1654,1218,952,710
461827,3018,6,6,2028,1653,1264,915,694
462553,3018,6,7,1652,1654,1207,897,739
463262,3018,7,8,2037,1654,1255,1024,676
463969,3017,7,7,1653,1654,1245,960,774
464676,3018,6,8,2075,1654,1214,993,727
465386,3018,7,6,2028,1653,1264,935,783
466109,3018,7,7,1652,1654,1212,912,722
466822,3019,6,8,2047,1654,1246,956,680
467529,3018,7,7,1649,1654,1260,989,675
468238,3019,6,8,2084,1654,1206,931,688
468943,3018,7,7,2037,1653,1256,896,666
469648,3018,7,7,1652,1654,1246,898,652
470354,3019,6,8,2076,1655,1213,888,643
471061,3018,6,7,2031,1655,1261,1020,628
471765,3018,7,7,1652,1654,1234,963,748
472474,3019,6,8,2070,1655,1222,996,781
473181,3018,6,7,2045,1654,1250,1070,744
473892,3018,7,7,1916,1653,1341,1006,758
474615,3019,7,7,1653,1654,1256,1006,736
475324,3019,6,8,2054,1654,1235,947,796
476032,3018,7,7,2019,1655,1275,990,735
477027,3018,7,6,1652,1653,1260,1069,787
477750,3019,7,8,2073,1655,1221,1050,846
478459,3019,7,6,2025,1655,1268,959,863
479167,3018,8,7,1652,1654,1218,992,771
479873,3019,7,8,2059,1655,1233,943,733
480580,3018,8,6,1652,1654,1275,990,768
481286,3018,6,7,1821,1654,1206,935,803
481992,3020,6,8,2051,1654,1240,896,797
482706,3018,7,7,1652,1654,1258,959,705
483416,3019,6,8,2079,1654,1211,987,691
484124,3018,7,7,2031,1654,1262,927,763
484831,3018,7,6,1654,1654,1230,910,702
485537,3018,6,8,2064,1654,1227,901,672
486244,3018,7,6,1986,1655,1273,1031,721
486952,3018,6,7,1653,1654,1208,954,797
487658,3019,7,8,2051,1654,1241,934,727
488364,3018,7,6,1653,1654,1269,907,692
489077,3019,6,7,1653,1656,1004,876,664
489806,3019,6,6,2172,1654,1136,848,709
490514,3018,7,8,2061,1653,1236,871,715
491224,3018,7,7,1652,1654,1240,866,656
491931,3018,6,8,2076,1654,1214,873,698
492642,3018,6,6,2028,1652,1267,1019,648
493349,3018,7,7,1654,1654,1218,947,689
494059,3019,6,7,1956,1654,1295,920,673
494792,3019,7,6,1920,1655,1295,1050,664
495502,3019,6,7,1666,1654,1211,1031,776
496209,3019,7,8,2048,1654,1244,1085,822
496915,3018,7,6,1653,1654,1274,1120,869
497621,3018,6,7,2089,1654,1195,987,904
498327,3018,7,8,2042,1655,1250,1062,794
499034,3018,7,6,1652,1653,1256,1036,846
499740,3019,6,8,2083,1654,1208,1024,791
500447,3018,7,7,2035,1653,1256,1083,827
501152,3018,7,7,1653,1654,1240,995,870
501859,3019,6,8,2073,1655,1218,1008,786
502573,3018,6,7,2025,1655,1267,942,750
