Time (us),Signal 0,Signal 1,Signal 2,Signal 3,Signal 4,Signal 5,Signal 6,Signal 7
1361,7,7,3024,1654,1391,1648,1240,0
2548,7,7,3024,1653,1283,1648,1212,968
3604,7,7,3024,1653,1241,1648,1199,995
4643,7,7,3024,1653,1230,1648,1264,927
5695,7,6,3024,1652,1230,1649,1225,1043
6808,7,7,3024,1653,1245,1648,1208,963
8011,7,3025,3025,1654,1260,1648,1343,989
9506,7,7,3024,1653,1301,1648,1402,965
10853,4,7,3024,1653,1279,1989,1407,979
11943,4,6,3025,1654,1139,1649,1296,985
12933,7,7,3024,1654,1186,2063,1390,941
13923,2,6,3023,1652,1128,1648,1363,1037
15093,7,7,3024,1652,1239,1648,1273,998
16287,7,7,3025,1653,1251,1647,1230,1014
17489,7,7,3024,1654,1269,2074,1358,958
18476,6,6,3024,1654,1184,2148,1454,956
19452,6,6,3025,1655,1141,2185,1520,1136
20486,6,6,3021,1652,1125,1648,1424,1109
21629,7,6,3026,1653,1278,2052,1449,1128
22771,7,6,3025,1653,1318,2029,1522,1075
23919,6,6,3024,1652,1115,1648,1351,1224
24963,8,6,3025,1654,1268,2076,1423,1156
25994,6,6,3024,1652,1141,1647,1442,1078
27091,7,6,3026,1653,1222,2117,1622,1050
28135,7,7,3024,1653,1203,1648,1470,1113
29219,7,6,3025,1654,1227,2108,1495,1076
30620,7,7,3024,1652,1206,1648,1410,1146
31816,7,7,3024,1653,1256,2100,1600,1068
32823,7,7,3024,1653,1208,1647,1528,1113
33874,7,6,3025,1653,1239,2095,1592,1240
34885,7,7,3024,1654,1211,1648,1460,1194
35936,7,6,3025,1653,1239,2095,1554,1115
36943,7,7,3024,1652,1212,1648,1505,1112
37995,7,6,3026,1654,1236,2097,1577,1092
39007,7,7,3024,1652,1213,1648,1377,1256
40274,7,7,3025,1653,1179,1648,1420,1180
41577,7,6,3026,1652,2084,2084,1600,1091
42720,6,6,3025,1653,1241,2101,1555,1091
43764,7,6,3025,1231,1231,2102,1749,1194
44800,7,6,3026,1653,1247,2097,1630,1236
45836,7,6,3024,1653,1241,2101,1783,1279
46767,7,6,3024,1652,1210,1648,1477,1431
47621,7,7,3024,1653,1202,1647,1327,1231
48475,7,6,3024,1653,1203,1648,1256,1150
49329,7,7,3025,1653,1201,1647,1218,1081
50183,7,7,3024,1652,1202,1647,1203,986
51111,7,7,3024,1653,1224,2114,1363,929
52058,6,7,3024,1653,1186,1648,1349,1020
52913,7,7,3024,1653,1201,1648,1336,981
53769,7,7,3023,1652,1205,1648,1401,957
54623,7,7,3024,1653,1205,1647,1294,1113
55476,4,7,3023,1652,1203,1647,1310,1006
56329,7,7,3024,1652,1203,1647,1249,959
57180,7,7,3024,1652,1202,1648,1290,980
58034,7,7,3023,1652,1203,1647,1238,1080
58886,7,7,3024,1653,1203,1647,1213,992
59742,7,7,3024,1652,1205,1648,1199,1006
60596,6,7,3023,1653,1203,1648,1194,934
61449,7,7,3024,1652,1205,1647,1332,896
62311,7,7,3024,1652,1203,1647,1257,1053
63164,7,7,3025,1652,1203,1648,1219,959
64017,7,7,3024,1652,1201,1648,1280,919
64870,7,7,3023,1653,1201,1647,1231,907
65721,6,7,3024,1653,1203,1648,1352,899
66576,7,7,3024,1652,1203,1647,1409,926
67429,7,7,3024,1653,1203,1647,1299,1100
68282,7,7,3024,1654,1203,1647,1239,1068
69135,7,7,3024,1652,1202,1648,1355,1035
69987,7,7,3024,1653,1202,1648,1267,1130
70838,7,7,3023,1653,1201,1647,1224,998
71712,7,7,3024,1652,1184,1648,1346,1014
72565,8,2522,3025,1395,1655,1648,1266,1118
73697,7,3015,3026,1256,1653,2053,1442,1069
74612,7,3019,3025,1256,1655,1648,1308,1043
75466,7,3019,3026,1251,1658,1648,1246,975
76319,7,3020,3026,1250,1658,1648,1214,991
77170,7,3020,3025,1251,1658,1648,1199,934
78024,6,3020,3025,1251,1656,1647,1194,897
78876,6,3020,3025,1251,1656,1648,1333,886
79730,7,3020,3026,1253,1658,1648,1402,1050
80583,7,3021,3025,1253,1656,1647,1435,1158
81446,7,3020,3025,1253,1658,1647,1307,1224
82315,7,3021,3026,1255,1656,1648,1246,1062
83266,7,3019,3028,1219,1653,2086,1373,1035
84200,7,3020,3026,1252,1658,1647,1275,1000
85226,7,3020,3025,1239,1658,1647,1228,1014
86278,7,3020,3025,1252,1658,1647,1207,951
87330,7,3021,3026,1256,1656,1647,1195,918
88379,7,3019,3025,1247,1658,1648,1186,965
89507,6,3019,3026,1212,1653,2091,1565,915
90397,7,3020,3026,1229,1658,1648,1443,1163
91251,7,3020,3025,1240,1658,1648,1455,1230
92162,7,3018,3024,1253,1658,1647,1316,1268
93038,7,3020,3024,1244,1658,1647,1319,1084
93914,7,3020,3025,1244,1658,1647,1395,1144
94789,7,3020,3026,1245,1658,1647,1433,1199
95664,7,3020,3026,1242,1658,1648,1378,1103
96540,7,3020,3025,1244,1656,1647,1278,1178
97416,7,3020,3025,1242,1658,1648,1231,1103
98290,7,3020,3025,1242,1658,1648,1212,993
99171,7,3020,3025,1244,1656,1648,1201,937
100048,7,3020,3025,1245,1656,1648,1194,899
100923,7,3020,3025,1245,1656,1648,1267,953
101806,7,3020,3025,1245,1656,1647,1225,919
102783,4,3019,3028,1201,1653,2103,1373,909
103722,7,3020,3025,1245,1658,1647,1282,940
104601,7,3020,3025,1242,1656,1647,1229,985
105475,7,3020,3025,1244,1656,1647,1279,945
106351,7,3020,3026,1242,1656,1648,1307,1058
107225,7,3020,3024,1244,1655,1648,1389,1053
108101,7,3020,3025,1242,1656,1647,1288,1153
108976,7,3020,3025,1242,1656,1647,1312,1091
109851,6,3020,3025,1244,1656,1647,1245,1003
110725,7,3020,3025,1242,1655,1647,1355,959
111595,7,3020,3025,1242,1655,1647,1268,1092
112447,7,3021,3025,1242,1656,1647,1297,982
113301,7,3020,3026,1244,1656,1649,1242,940
114155,7,3020,3025,1242,1656,1647,1212,974
115007,7,3020,3026,1242,1655,1648,1272,931
115861,7,3020,3026,1244,1656,1647,1369,903
116836,7,3019,3028,1206,1652,2100,1443,1073
117883,6,3019,3028,1206,1653,2098,1615,1123
118945,7,3021,3025,1218,1655,1647,1396,1146
119978,7,3020,3025,1245,1655,1647,1293,1136
120978,6,3021,3025,1230,1655,1647,1236,1085
121953,7,3019,3026,1203,1654,2103,1452,1062
123008,7,3020,3025,1239,1655,2117,1487,1118
123947,6,3020,3025,1238,1655,1647,1473,1084
124822,7,3020,3025,1238,1654,1648,1402,1205
125698,7,3020,3025,1238,1655,1648,1295,1095
126574,7,3020,3025,1238,1655,1648,1242,1065
127449,6,3020,3025,1238,1654,1648,1218,962
128325,7,3020,3024,1239,1655,1648,1343,992
129201,7,3020,3025,1236,1655,1647,1266,1105
130087,7,3020,3026,1238,1654,1998,1564,990
131123,7,3020,7,1328,2017,1648,1368,1059
132323,7,3020,7,1263,2078,1648,1347,1007
133201,7,3019,6,1252,2089,1648,1407,970
134079,7,3020,7,1249,2092,1648,1296,1122
134956,7,3020,7,1247,2094,1648,1311,1010
135831,7,3020,7,1247,2094,1648,1388,959
136708,7,3020,6,1247,2094,1649,1361,1108
137584,7,3020,7,1247,2094,1648,1412,1098
138461,6,3020,7,1249,2096,1644,1368,1184
139410,7,3019,7,1249,2095,1644,1272,1210
140287,7,3019,7,1234,2108,1648,1300,1037
141168,6,3019,7,1246,2095,1648,1313,967
141983,6,3019,7,1224,2124,1648,1250,1083
142791,6,3020,7,1241,2102,1648,1216,968
143689,7,3018,8,1213,1653,1647,1199,996
144548,7,3020,7,1251,2100,1648,1196,936
145434,8,3019,7,1213,1654,1648,1334,971
146274,7,3020,6,1247,2106,1648,1330,1091
147018,7,3020,6,1229,2123,1649,1255,1006
147717,6,3018,7,1188,1652,1647,1221,1074
148394,7,3019,7,1236,2117,1649,1345,976
149092,8,3019,8,1191,1653,1648,1402,1097
149770,7,3020,6,1236,2115,1648,1291,1183
150467,8,3018,7,1189,1653,1647,1233,1111
151145,7,3019,7,1235,2118,1649,1282,997
151862,7,3018,8,1200,1653,1648,1229,940
152544,7,3020,7,1240,2113,1648,1349,914
153293,6,3020,7,1229,2125,1648,1269,931
153991,7,3019,7,1186,1653,1648,1296,907
154668,7,3020,7,1235,2119,1648,1241,904
155365,7,3018,7,1186,1653,1648,1288,877
156043,7,3019,7,1235,2119,1648,1239,958
156741,7,3018,8,1188,1653,1649,1210,975
157421,7,3020,6,1235,2120,1649,1199,923
158116,8,3018,8,1189,1654,1648,1194,899
158794,7,3019,7,1234,2120,1648,1189,884
159493,7,3018,7,1186,1653,1648,1188,945
160170,7,3019,7,1235,2120,1649,1185,907
160876,7,3018,7,1188,1653,1648,1183,886
161560,7,3019,7,1235,2119,1648,1189,868
162260,7,3018,7,1189,1653,1649,1185,865
162937,7,3020,7,1234,2119,1649,1258,860
163639,7,3018,8,1183,1653,1648,1363,864
164400,7,3019,7,1184,1654,1649,1413,1052
165077,7,3019,7,1231,2122,1649,1299,1164
165776,8,3017,7,1183,1653,1648,1380,1029
166452,7,3020,7,1230,2123,1648,1283,1137
167151,8,3019,7,1183,1653,1649,1230,1086
167829,7,3019,7,1230,2122,1648,1279,1059
168527,7,3019,7,1183,1653,1649,1307,969
169207,7,3019,7,1231,2122,1649,1318,943
169905,2417,3020,8,1654,1653,1323,1111,929
170582,2991,3021,7,1652,2046,1280,1139,859
171447,3018,3020,7,1658,1654,1211,1002,840
172202,3018,3020,8,1658,1654,1199,1003,778
172879,3017,3021,7,1652,2102,1233,1017,816
173577,3018,3020,7,1658,1653,1186,1004,770
174255,3018,3021,7,1652,2107,1230,949,809
179062,3019,3021,7,1658,1652,1157,887,807
180058,3020,3021,7,1652,2115,1224,958,708
180843,3018,3021,7,1652,2105,1234,1043,692
181681,3018,3021,6,1652,2120,1218,963,787
182738,3018,3021,7,1654,1653,1191,908,727
183701,3019,3020,7,1656,1653,1195,960,754
184719,3020,3021,8,1654,1653,1211,915,754
185866,3017,3021,7,1652,2100,1239,978,749
186674,3018,3021,7,1652,2098,1235,937,720
187472,3018,3021,7,1652,2102,1240,894,688
188266,3018,3021,7,1652,2103,1235,893,726
189064,3018,3021,6,1652,2105,1236,1017,670
189869,3018,3021,7,1652,2102,1239,954,764
190767,3019,3020,7,1656,1653,1186,976,714
191747,3019,3020,7,1653,1653,1203,993,700
192613,3019,3021,6,1653,2101,1239,993,775
193476,3019,3020,8,1656,1652,1186,921,809
194246,3018,3020,7,1656,1653,1177,954,722
195065,3019,3021,6,1652,2128,1216,991,694
195954,3019,3020,8,1655,1654,1181,992,765
196799,3018,3021,7,1652,2117,1227,937,805
197593,3018,3021,7,1652,2109,1231,913,735
198380,3018,3021,6,1652,2111,1231,879,691
199177,3018,3021,6,1652,2112,1229,884,721
199969,3018,3021,6,1652,2114,1228,957,671
200835,3019,3021,7,1655,1654,1179,978,741
201663,3019,3021,6,1653,2140,1208,998,785
202465,3018,3021,6,1652,2118,1224,1010,813
203350,3019,7,8,1903,1704,1328,970,832
204382,3019,7,6,1652,1653,1274,927,757
205269,3019,6,8,2076,1656,1213,901,699
206115,3018,7,6,1653,1653,1240,973,660
206912,3018,7,6,1653,1653,1240,915,670
207709,3020,7,6,1653,1653,1238,884,724
208502,3018,7,7,1653,1654,1241,898,739
209297,3018,7,6,1652,1654,1239,905,682
210097,3018,7,6,1649,1654,1238,1019,658
211107,3018,7,6,1652,1654,1242,810,761
212411,3019,6,8,2086,1654,1206,938,810
213490,3019,7,6,1652,1654,1257,974,730
214385,3020,6,8,2087,1654,1206,927,705
215237,3018,7,6,1652,1654,1239,985,678
216142,3019,4,7,2095,1654,1196,996,684
217076,3018,6,8,2101,1655,1191,927,768
217752,3018,7,6,1653,1655,1231,984,777
218450,3019,6,8,2115,1655,1179,916,736
219128,3018,7,6,1653,1654,1228,902,757
219825,3019,6,8,2120,1654,1175,875,688
220502,3018,6,6,1650,1654,1225,885,648
221204,3019,7,8,2120,1654,1174,864,628
222014,3019,7,6,1653,1655,1213,874,611
222807,3018,7,6,1653,1656,1228,886,606
223592,3018,7,6,1653,1655,1229,887,680
224383,3018,7,6,1652,1655,1233,965,645
225195,3018,7,6,1653,1655,1230,930,665
226080,3019,6,8,2102,1655,1188,963,655
226922,3018,7,7,1652,1655,1230,998,736
227698,3018,7,6,1652,1655,1213,940,789
228429,3019,7,6,1653,1655,1217,912,722
229129,3019,6,8,2126,1654,1167,949,684
229806,3018,7,7,1653,1655,1218,921,678
230503,3018,6,8,2125,1654,1167,951,663
231179,3020,7,2105,1653,1396,1648,1218,664
231881,3019,6,2986,2014,1313,1648,1206,846
232722,3017,7,3021,1653,1235,1648,1341,864
233424,3019,6,3024,2089,1251,1650,1338,1042
234101,3017,6,3023,1654,1207,1648,1260,990
234799,3019,7,3025,2101,1242,1650,1363,929
235475,3019,7,3020,1653,1201,1649,1417,1084
236173,3019,6,3026,2105,1240,1650,1301,1180
236849,3018,7,3023,1654,1201,1648,1241,1042
237546,3019,6,3024,2106,1240,1650,1211,945
238222,3018,7,3024,1653,1200,1648,1200,909
238921,3019,7,3024,2107,1240,1650,1194,893
239597,3019,7,3023,1654,1197,1649,1333,877
240295,3019,6,3025,2109,1240,1650,1333,908
240978,3018,7,3024,1652,1199,1649,1262,923
241674,3019,6,3024,2109,1240,1650,1299,968
242350,3018,7,3024,1653,1195,1649,1242,940
243050,3019,6,3025,2109,1239,1649,1285,973
243726,3018,7,3024,1653,1194,1648,1235,931
244425,3019,6,3025,2114,1236,1650,1282,967
245105,3018,7,3024,1654,1191,1648,1305,1069
245863,3018,7,3024,1653,1190,1648,1319,985
246561,3019,6,3025,2115,1235,1650,1323,956
247240,3018,7,3024,1653,1191,1648,1251,938
247937,3019,6,3025,2118,1233,1650,1216,899
248614,3018,7,3024,1653,1188,1647,1203,898
249313,3019,6,3025,2119,1231,1648,1192,956
249990,3018,8,3024,1654,1188,1649,1332,914
250687,3019,6,3025,2120,1229,1649,1396,1062
251364,3018,7,3024,1653,1186,1649,1365,1024
252061,3019,6,3025,2122,1227,1649,1349,1061
252749,3018,7,3024,1653,1185,1649,1264,1072
253635,7,7,3025,1663,1363,1980,1411,1112
254565,7,4,3026,1654,1283,2057,1516,1195
255239,7,7,3023,1653,1224,1648,1487,1282
255939,7,7,3025,1654,1246,2095,1494,1167
256630,7,7,3024,1652,1213,1648,1409,1258
257416,7,7,3024,1653,1217,1648,1366,1118
258208,7,7,3021,1653,1219,1648,1415,1178
259000,6,7,3024,1654,1214,1648,1296,1225
259888,8,6,3025,1653,1252,2090,1612,1134
260730,7,7,3024,1653,1218,1649,1467,1288
261496,7,7,3024,1652,1197,1648,1323,1158
262194,7,6,3025,1654,1244,2102,1417,1112
262872,8,7,3024,1652,1201,1649,1371,1131
263569,7,6,3025,1654,1236,2111,1446,1042
264246,7,7,3023,1652,1196,1648,1311,1109
264944,7,6,3025,1654,1236,2113,1490,1007
265628,7,7,3024,1650,1195,1648,1330,1180
266380,7,7,3024,1652,1191,1648,1261,1195
267078,7,6,3025,1654,1234,2115,1466,1031
267756,7,7,3024,1652,1194,1648,1321,1035
268454,8,6,3025,1655,1234,2117,1572,976
269130,7,7,3024,1653,1191,1648,1377,1058
269843,7,6,3024,1654,1230,2113,1446,1081
270518,7,7,3023,1653,1191,1649,1456,1051
271215,7,7,3025,1655,1231,2119,1706,1043
271962,7,6,3025,1656,1224,2124,1691,1285
272640,7,7,3023,1652,1186,1649,1578,1326
273337,7,6,3025,1655,1225,2123,1699,1227
274013,7,7,3024,1653,1185,1649,1438,1233
274711,7,6,3025,1655,1225,2122,1559,1196
275388,8,2523,3025,1406,1656,1648,1439,1159
276252,6,3004,3026,1274,1654,2040,1525,1086
276926,7,3018,3025,1269,1654,1648,1493,1092
277626,7,3017,3028,1217,1653,2089,1493,1217
278302,7,3020,3026,1251,1658,1649,1409,1135
279000,7,3018,3026,1206,1653,2097,1457,1059
279677,7,3020,3025,1247,1658,1648,1395,1047
280374,7,3018,3026,1203,1654,2100,1593,1017
281049,7,3019,3025,1245,1658,1648,1385,1222
281748,7,3018,3028,1200,1653,2103,1448,1092
282425,7,3019,3025,1244,1656,1648,1455,1135
283124,7,3018,3028,1200,1653,2103,1481,1222
283801,6,3020,3025,1244,1658,1649,1406,1134
284515,7,3018,3028,1202,1653,2102,1534,1131
285285,7,3018,3026,1197,1654,2105,1664,1117
286138,7,3020,3025,1249,1658,1648,1421,1163
286928,7,3020,3025,1252,1656,1648,1372,1155
287709,7,3019,3026,1252,1656,1648,1280,1056
288487,7,3021,3025,1240,1656,1648,1230,973
289279,7,3020,3025,1247,1656,1647,1207,938
290067,7,3021,3025,1255,1656,1648,1200,903
290765,6,3018,3026,1196,1654,2109,1501,957
291446,7,3019,3024,1239,1655,1649,1416,1156
292144,7,3018,3026,1188,1653,2118,1543,1144
292821,7,3020,3025,1235,1658,1648,1365,1124
293519,6,3018,3028,1185,1653,2122,1444,1041
294196,7,3020,3025,1231,1656,1649,1389,1175
294894,7,3018,3028,1183,1654,2123,1462,1075
295571,7,3019,3025,1228,1656,1648,1319,1133
296268,6,3018,3028,1180,1654,2124,1498,1167
296945,7,3020,3025,1227,1656,1649,1338,1114
297644,7,3018,7,1317,1653,1670,1407,1018
298483,7,3019,7,1306,2040,1649,1366,1145
299180,7,3019,7,1236,1653,1648,1272,1048
299862,7,3019,7,1260,2085,1648,1300,962
300560,6,3019,7,1213,1653,1649,1318,930
301237,7,3020,7,1249,2098,1650,1394,996
301966,7,3018,8,1218,1653,1648,1285,1128
302640,7,3019,7,1252,2097,1649,1377,1006
303342,7,3019,6,1206,1654,1649,1350,989
304104,7,3019,7,1206,1653,1648,1340,964
304780,7,3020,7,1247,2103,1649,1261,954
305479,8,3018,7,1200,1653,1648,1363,910
306161,6,3020,7,1246,2108,1649,1271,936
306912,7,3019,7,1238,2115,1649,1230,907
307610,8,3018,7,1192,1654,1648,1346,970
308286,6,3019,7,1242,2113,1649,1407,959
308983,8,3019,7,1194,1653,1649,1294,976
309660,7,3019,7,1241,2114,1649,1241,936
310359,7,3017,7,1190,1653,1648,1284,970
311038,7,3019,7,1239,2115,1649,1233,1073
311738,8,3018,7,1189,1654,1649,1350,986
312415,6,3020,7,1235,2118,1648,1338,968
313115,7,3019,7,1186,1654,1649,1401,949
313790,7,3020,6,1233,2120,1649,1289,1111
314488,7,3018,7,1184,1653,1650,1307,997
315166,8,3020,7,1229,2123,1649,1250,1095
315932,2610,3020,7,1652,1965,1351,1094,980
316872,3010,3020,7,1654,2043,1285,990,875
317644,3017,3021,7,1653,2074,1260,1070,789
318419,3018,3021,7,1653,2087,1247,960,846
319212,3017,3021,7,1653,2085,1250,909,757
320084,3018,3021,7,1655,1653,1208,890,698
320858,3019,3021,7,1656,1652,1200,877,656
321726,3018,3021,7,1652,2087,1245,894,630
322607,3019,3020,7,1655,1653,1207,882,632
323367,3019,3020,7,1656,1653,1192,879,620
324043,3018,3020,7,1652,2106,1239,937,687
324742,3019,3020,7,1656,1654,1184,897,744
325811,3019,3021,7,1653,2079,1261,887,681
326514,3019,3020,7,1655,1653,1191,947,648
327274,3019,3020,7,1655,1654,1183,901,660
327950,3018,3021,6,1650,2113,1230,899,715
328647,3019,3020,8,1656,1653,1178,945,675
329324,3018,3021,7,1652,2117,1228,919,671
330022,3019,3020,7,1656,1653,1175,956,654
330699,3018,3021,7,1652,2120,1225,919,736
331417,3019,3021,7,1655,1653,1173,956,686
332094,3018,3021,7,1653,2117,1228,924,681
332792,3018,3020,8,1655,1653,1172,886,665
333468,3018,3021,6,1652,2128,1219,959,710
334166,3019,3020,7,1655,1653,1167,896,760
334841,3018,7,7,1653,1837,1324,1054,688
335709,3019,6,8,2014,1655,1266,1037,791
336384,3018,7,6,1654,1654,1263,1097,765
337082,3018,6,8,2087,1654,1206,1051,777
337759,3018,7,6,1652,1654,1244,1050,832
338458,3019,6,8,2100,1654,1196,1026,789
339140,3018,7,6,1652,1653,1235,936,830
339836,3018,6,8,2103,1654,1192,971,813
340513,3018,7,6,1653,1653,1238,913,816
341214,3019,6,7,2105,1655,1189,957,792
341956,3019,6,8,2115,1655,1181,901,728
342633,3018,7,6,1652,1655,1233,896,676
343330,3019,6,8,2112,1654,1184,876,647
344007,3018,7,6,1653,1654,1231,888,697
344704,3019,6,8,2114,1654,1180,873,658
345381,3018,8,6,1653,1654,1230,956,636
346079,3019,6,8,2115,1654,1178,903,652
346764,3018,7,6,1653,1655,1227,969,645
347521,3018,7,7,1654,1654,1224,930,738
348291,3018,7,6,1653,1655,1225,914,693
349074,3018,7,6,1653,1656,1227,904,667
349857,3019,7,6,1652,1655,1228,899,649
350655,3018,7,6,1652,1656,1229,901,639
351441,3018,7,6,1653,1655,1228,893,634
352214,3018,7,2605,1652,1373,1649,1048,634
353254,3020,6,3019,2024,1306,1650,1266,764
354205,3020,7,3023,1652,1221,1648,1227,826
354967,3018,7,3023,1654,1221,1648,1277,858
355652,3019,6,3024,2089,1253,1650,1231,871
356313,3018,7,3024,1652,1210,1649,1280,860
356995,3019,6,3025,2096,1249,1650,1235,1018
357657,3018,7,3023,1653,1203,1649,1355,960
358339,3019,6,3025,2102,1246,1649,1339,956
359001,3018,7,3024,1653,1202,1649,1338,945
359684,3019,6,3026,2106,1244,1649,1263,945
360345,3018,7,3024,1654,1199,1649,1222,979
361027,3019,6,3025,2107,1241,1649,1201,938
361745,3018,7,3023,1653,1222,1649,1199,910
362442,3019,6,3024,2105,1244,1649,1195,891
363118,3018,7,3024,1653,1194,1648,1192,884
363812,3018,6,3024,2115,1234,1650,1260,880
364487,3018,7,3023,1653,1190,1649,1300,876
365182,3019,7,3025,2118,1230,1649,1242,962
365857,3018,7,3023,1653,1186,1648,1284,909
366552,7,6,3025,1719,1361,1959,1416,1042
367397,7,7,3024,1653,1274,1648,1297,1025
368160,7,7,3024,1653,1242,1648,1382,1036
368857,7,6,3025,1654,1258,2083,1510,1006
369531,6,7,3023,1653,1218,1649,1420,1041
370227,7,6,3025,1655,1247,2095,1463,1092
370902,7,7,3023,1652,1212,1648,1398,1064
371598,7,6,3025,1654,1246,2098,1594,1026
372272,7,7,3024,1653,1210,1648,1383,1228
372968,7,6,3024,1655,1246,2101,1518,1170
373643,7,7,3024,1652,1205,1649,1424,1269
374339,7,6,3025,1654,1242,2106,1686,1135
375014,7,7,3023,1653,1201,1649,1503,1319
375710,7,4,3025,1654,1240,2109,1655,1189
376384,7,7,3023,1652,1197,1647,1557,1264
377078,7,6,3025,1654,1236,2112,1684,1327
377755,7,7,3024,1652,1196,1648,1501,1275
378451,7,7,3025,1654,1234,2118,1727,1166
379131,7,7,3024,1653,1190,1649,1454,1352
379909,6,7,3023,1652,1195,1648,1460,1258
380686,7,7,3024,1652,1197,1648,1389,1284
381446,7,6,3023,1653,1186,1649,1360,1269
382213,7,2753,3025,1382,1656,1648,1346,1106
383168,7,3015,3026,1305,1656,1648,1409,1024
384036,6,3018,3026,1245,1654,2064,1517,1148
384808,7,3018,3028,1225,1653,2079,1581,1258
385666,7,3019,3025,1266,1656,1647,1521,1266
386551,7,3018,3028,1228,1654,2080,1653,1172
387332,7,3018,3026,1212,1654,2064,1564,1188
388171,6,3020,3025,1262,1658,1648,1369,1297
388924,7,3020,3025,1247,1658,1649,1346,1123
389621,7,3018,3026,1200,1654,2103,1572,1030
390294,7,3019,3025,1247,1656,1648,1518,1081
390989,6,3018,3028,1196,1654,2107,1656,1222
391664,7,3019,3025,1245,1656,1648,1559,1210
392359,7,3018,3028,1194,1653,2111,1686,1302
393032,7,3020,3025,1242,1656,1649,1576,1332
393726,7,3018,3026,1191,1654,2114,1622,1367
394400,6,3019,3025,1238,1655,1648,1395,1269
395094,6,3018,3026,1188,1653,2118,1460,1119
395766,7,3020,3025,1233,1655,1649,1323,1075
396458,8,3018,3028,1185,1653,2122,1568,1000
397130,7,3020,3025,1229,1655,1648,1444,1205
397823,7,3018,3028,1180,1653,1952,1412,1108
398579,7,3019,7,1393,1951,1649,1296,1048
399449,7,3019,7,1278,1653,1648,1311,971
400122,7,3019,7,1277,2069,1649,1389,1085
400816,7,3019,7,1224,1653,1648,1285,1169
401499,6,3019,7,1256,2090,1649,1238,1102
402195,8,3018,6,1211,1653,1648,1351,1068
402869,7,3019,7,1251,2097,1650,1269,1145
403565,7,3018,7,1207,1654,1648,1227,1083
404244,7,3019,7,1251,2100,1649,1210,981
404984,8,3019,7,1238,2114,1649,1338,929
405715,7,3020,7,1223,2129,1650,1260,934
406410,7,3018,8,1190,1653,1649,1296,898
407088,6,3020,7,1242,2109,1649,1244,904
407788,8,3019,7,1194,1654,1649,1285,951
408542,7,3019,7,1192,1654,1649,1306,1064
409216,7,3019,7,1239,2115,1648,1247,982
409912,7,3018,7,1188,1653,1649,1288,921
410586,7,3019,7,1234,2115,1649,1377,1052
411288,7,3018,7,1184,1654,1649,1421,1150
412073,1002,3020,8,1654,1654,1390,1333,1214
412853,2960,3020,7,1655,1653,1278,1101,1208
413871,3017,3021,7,1653,2062,1268,1058,1067
414669,3018,3021,7,1650,2072,1263,1103,978
415450,3018,3021,6,1650,2078,1258,1126,949
416220,3018,3021,6,1652,2091,1242,985,946
417014,3018,3021,7,1652,2089,1251,1064,815
417877,3018,3020,7,1656,1654,1205,968,855
418633,3018,3020,7,1655,1653,1202,914,764
419308,3018,3021,7,1652,2101,1241,1029,705
420003,3019,3021,7,1655,1653,1189,1015,787
420678,3018,3021,7,1650,2109,1236,1025,754
421375,3018,3020,8,1654,1653,1183,935,743
422048,3018,3021,7,1649,2114,1231,910,695
422745,3018,3020,8,1654,1654,1180,877,661
423418,3017,3021,7,1652,2117,1228,882,641
424113,3019,3020,7,1654,1653,1175,864,625
424793,3018,3021,7,1653,2119,1225,879,609
425489,3018,3020,7,1654,1654,1170,932,680
426163,3018,3021,7,1652,2129,1217,905,736
426887,3019,3020,8,1654,1653,1168,877,753
427621,3018,7,8,1937,1670,1321,1045,749
428464,3018,7,7,1652,1654,1283,1106,748
429229,3018,7,7,1652,1654,1262,985,772
429926,3019,6,8,2086,1655,1208,935,730
430600,3018,7,6,1653,1653,1246,896,692
431296,3019,6,8,2095,1654,1199,888,730
431971,3018,7,6,1653,1653,1241,874,742
432667,3019,6,8,2103,1655,1190,941,670
433341,3018,8,6,1653,1654,1239,919,667
434036,3019,6,8,2107,1654,1184,958,652
434709,3018,7,6,1654,1655,1235,927,661
435404,3019,6,4,2113,1654,1183,963,656
436080,3018,7,6,1652,1654,1228,997,670
436774,3019,6,8,2115,1654,1178,926,757
437450,3018,7,6,1654,1655,1227,910,772
438146,3017,6,8,2119,1654,1175,951,700
438820,3018,7,6,1653,1656,1222,925,686
439516,3019,6,7,2123,1654,1172,885,737
440190,3018,7,6,1653,1655,1218,880,676
440885,3019,6,2710,1934,1385,1649,1042,650
441725,3019,7,3015,1654,1271,1648,1117,695
442419,3019,6,3024,2063,1275,1649,1152,748
443093,3018,7,3023,1653,1223,1648,1168,865
443798,3019,6,3024,2086,1255,1649,1317,853
444618,3018,7,3024,1653,1208,1649,1393,891
445396,3019,7,3023,1654,1214,1649,1363,938
446100,3019,6,3025,2098,1249,1649,1273,1018
446945,3019,7,3023,1653,1212,1648,1228,1025
447743,3018,7,3023,1653,1213,1649,1210,954
448544,3018,7,3024,1653,1210,1649,1343,986
449341,3019,7,3023,1653,1207,1648,1263,1102
450218,3018,2,3025,2096,1250,1649,1299,982
451060,3019,7,3024,1654,1205,1648,1313,1014
451805,3019,7,3024,1653,1179,1648,1249,1106
452502,7,7,3025,1747,1354,1938,1531,978
453427,7,6,3026,1654,1307,2032,1490,1040
454106,7,7,3024,1653,1245,1648,1336,1050
454857,7,7,3024,1653,1227,1647,1258,1061
455598,7,7,3023,1653,1212,1648,1219,963
456294,7,6,3025,1654,1251,2092,1581,920
456969,7,7,3023,1652,1216,1648,1382,1032
457664,6,6,3025,1655,1250,2096,1442,1004
458340,7,7,3024,1653,1210,1648,1382,1155
459035,7,6,3025,1655,1246,2102,1445,1058
459709,7,7,3023,1652,1203,1649,1389,1117
460405,8,6,3025,1656,1240,2108,1457,1117
461079,7,7,3024,1652,1199,1648,1319,1074
461804,7,6,3024,1654,1222,1648,1250,1069
462500,7,6,3025,1656,1241,2109,1384,1040
463175,6,7,3023,1653,1192,1647,1282,1006
463869,7,6,3025,1655,1230,2119,1554,946
464543,7,7,3023,1652,1186,1648,1363,1036
465568,7,2932,3025,1393,1656,1648,1272,996
466434,7,3015,3028,1280,1653,2034,1512,1080
467111,7,3019,3026,1284,1658,1649,1417,1084
467808,7,3017,3028,1230,1654,2075,1451,1039
468483,7,3019,3025,1261,1656,1649,1391,1032
469185,7,3018,3028,1221,1654,2085,1521,1076
469856,7,3019,3025,1256,1656,1648,1489,1151
470551,7,3018,3028,1210,1654,2095,1572,1105
471225,7,3019,3025,1252,1656,1645,1376,1188
471960,7,3020,3024,1271,1656,1648,1280,1073
472657,6,3018,3026,1206,1654,2100,1538,1052
473330,7,3020,3025,1249,1656,1648,1501,1078
474025,7,3018,3026,1195,1654,2109,1506,1074
474700,7,3020,3025,1241,1658,1648,1345,1150
475399,7,3017,3028,1190,1654,2115,1437,1113
476172,7,3018,3028,1192,1653,2115,1697,1064
477000,7,3020,3025,1227,1655,1649,1433,1288
477783,7,3020,3024,1239,1655,1649,1451,1222
478573,7,3018,8,1313,1826,1786,1373,1262
479536,6,3020,7,1328,2008,1649,1355,1184
480334,7,3019,6,1293,2048,1649,1339,1065
481223,7,3019,8,1246,1653,1649,1335,997
482206,7,3020,7,1273,2074,1648,1262,969
482902,7,3019,7,1218,1653,1648,1221,916
483577,7,3019,7,1258,2094,1649,1201,907
484273,8,3018,7,1207,1653,1648,1192,892
484947,7,3019,7,1252,2102,1649,1330,876
485643,8,3019,7,1201,1653,1649,1332,1045
486319,7,3015,7,1247,2108,1649,1400,1058
487016,8,3018,7,1195,1654,1649,1433,1021
487689,6,3019,7,1241,2112,1649,1310,1018
488385,7,3018,7,1192,1654,1649,1317,965
489064,7,3020,6,1235,2117,1648,1249,1084
489816,4,3020,7,1228,2124,1648,1293,1045
490512,131,3018,6,1654,1654,1404,1277,1039
491187,2901,3020,7,1652,1995,1327,1239,1101
492058,3015,3020,7,1654,1652,1236,1059,1067
492732,3017,3021,7,1650,2075,1261,1034,912
493427,3018,3020,7,1656,1653,1210,954,818
494102,3018,3021,7,1652,2089,1251,984,813
494800,3018,3020,7,1655,1653,1201,931,822
495474,3017,3021,7,1655,2096,1246,896,803
496171,3019,3020,8,1654,1654,1194,885,708
496847,3018,3021,7,1652,2103,1242,1012,661
497542,3019,3020,7,1655,1653,1189,930,759
498217,3018,3021,7,1650,2109,1235,914,702
498912,3018,3020,7,1656,1653,1183,886,675
499586,3018,3021,6,1652,2114,1231,959,715
500281,3019,3020,7,1655,1654,1177,904,764
500957,3018,3021,7,1650,2120,1224,902,693
501653,3019,3020,7,1653,1653,1173,875,663
502328,3018,3021,7,1648,2125,1219,952,634
503025,3019,3020,7,1752,1905,1282,923,724
503699,3018,7,7,1653,1654,1328,924,755
504479,3018,7,7,1654,1653,1282,910,697
505239,3018,7,7,1653,1653,1261,890,735
505953,3019,6,8,2085,1654,1208,956,672
506688,3018,6,8,2085,1654,1208,912,675
507370,3018,7,6,1653,1654,1247,907,653
508140,3018,7,6,1653,1654,1247,1023,648
508917,3018,7,6,1652,1654,1247,1076,757
509675,3018,7,6,1652,1654,1238,1105,833
510461,3018,7,6,1652,1654,1240,1119,880
511249,3018,7,6,1653,1655,1238,1004,910
512141,3019,6,8,2091,1655,1195,1001,804
512912,3019,6,8,2109,1655,1181,931,826
513771,3019,7,6,1653,1655,1224,979,737
514659,3020,6,2074,1897,1451,1649,1228,782
515414,3019,6,2993,1993,1333,1650,1283,909
516346,3020,6,3024,2045,1291,1650,1376,905
517102,3020,6,3024,2069,1269,1652,1280,941
517778,3017,7,3024,1650,1223,1649,1233,914
518474,3019,7,3025,2087,1258,1650,1211,881
519147,3018,7,3023,1653,1213,1648,1197,879
519843,3019,6,3024,2097,1250,1649,1336,946
520517,3018,7,3023,1653,1205,1649,1405,942
521214,3019,6,3025,2105,1246,1649,1363,968
521979,3020,6,3025,2102,1246,1649,1274,962
522654,3017,7,3024,1653,1196,1648,1231,925
523350,3019,6,3025,2113,1235,1649,1206,885
524026,3018,7,3024,1653,1191,1648,1272,953
524721,3019,6,3025,2119,1251,1746,1269,920
525396,8,7,3023,1663,1341,1648,1228,975
526173,7,7,3023,1652,1279,1648,1210,938
526926,7,7,3023,1652,1242,1648,1197,980
527622,7,6,3025,1654,1264,2078,1487,919
528298,7,7,3024,1652,1225,1648,1330,1131
528992,7,6,3025,1653,1256,2087,1415,1025
529673,7,6,3024,1650,1217,1648,1440,1089
530424,7,7,3024,1652,1207,1649,1385,1053
531120,7,6,3025,1654,1247,2102,1450,1017
531797,7,7,3023,1652,1203,1648,1313,1024
532493,7,6,3023,1654,1242,2107,1412,964
533167,7,7,3024,1652,1200,1649,1368,981
533863,7,6,3025,1655,1238,2112,1520,969
534538,7,7,3024,1652,1192,1648,1426,1032
535234,7,6,3025,1658,1230,2118,1547,1091
535917,7,239,3024,1595,1654,1648,1363,1098
536613,7,2894,3028,1332,1654,1989,1462,1025
537451,7,3015,3025,1304,1658,1647,1322,1031
538159,7,3017,3028,1249,1653,2056,1538,1050
538831,7,3019,3025,1273,1656,1648,1431,1216
539535,7,3018,3028,1223,1653,2080,1461,1108
540353,7,3020,3025,1256,1656,1648,1318,1212
541146,7,3020,3025,1267,1658,1647,1322,1136
542021,7,3018,3028,1222,1654,2084,1482,1024
542869,7,3020,3026,1260,1656,1648,1474,1039
543654,7,3020,3025,1257,1655,1648,1329,1184
544450,7,3020,3025,1255,1656,1648,1258,1123
545248,7,3020,3025,1255,1655,1648,1224,1063
546152,7,3020,3025,1238,1655,1649,1349,1045
546906,7,3018,3028,1185,1654,2122,1443,993
547598,7,3018,3028,1183,1654,1949,1411,1083
548272,8,3019,7,1371,1968,1649,1440,1036
549133,7,3019,7,1277,1653,1648,1311,1167
549806,7,3019,7,1282,2063,1649,1388,1112
550582,7,3019,7,1277,2069,1648,1283,1180
551279,7,3018,7,1227,1653,1648,1376,1030
551977,3,3019,6,1247,2102,1649,1351,1137
552673,8,3018,7,1208,1654,1648,1263,1183
553348,7,3019,7,1253,2100,1649,1227,1023
554043,7,3018,7,1203,1653,1649,1202,956
554721,7,3019,7,1247,2106,1648,1195,919
555452,7,3020,7,1223,2126,1650,1195,887
556148,8,3018,7,1189,1653,1649,1191,876
556823,7,3020,7,1234,2115,1649,1261,868
557520,8,3019,7,1186,1654,1650,1299,1013
558196,7,3019,7,1230,2120,1648,1384,1029
558891,2439,3019,8,1655,1655,1344,1224,1002
559566,2992,3021,6,1652,2020,1306,1200,942
560423,3017,3020,7,1655,1653,1241,1020,974
561098,3017,3021,7,1652,2072,1264,943,842
561796,3018,3020,7,1656,1653,1212,912,748
562467,3018,3021,7,1652,2089,1252,891,688
563161,3018,3020,8,1656,1653,1200,877,653
563834,3017,3023,7,1652,2097,1245,1013,636
564527,3019,3020,7,1655,1653,1192,932,678
565267,3018,3021,6,1652,2168,1189,965,739
565982,3019,3020,7,1655,1654,1169,976,710
566656,3018,3021,6,1653,2112,1233,932,702
567352,3019,3020,7,1654,1653,1177,960,673
568027,3018,3021,6,1652,2122,1224,996,744
568723,3019,3019,7,1653,1653,1169,914,721
569397,3018,3021,6,1653,1958,1293,978,686
570097,3018,7,8,1971,1655,1305,946,760
570941,3019,7,6,1652,1654,1289,919,711
571724,3019,7,6,1652,1654,1272,902,673
572505,3018,7,6,1653,1654,1263,890,650
573204,3018,4,8,2085,1655,1207,888,704
573981,3019,4,8,2098,1654,1196,879,663
574764,3019,6,8,2101,1655,1195,945,706
575604,3019,7,6,1652,1655,1247,978,686
576374,3018,7,6,1652,1655,1234,1008,689
577264,3019,6,8,2098,1654,1192,1004,704
578107,3019,7,6,1653,1655,1235,1069,781
578857,3018,7,6,1652,1655,1219,1045,841
579554,3018,6,8,2124,1655,1168,1013,860
580229,3018,7,2611,1653,1379,1648,1180,788
581090,3020,6,3015,2013,1319,1650,1260,824
581784,3019,8,3023,1653,1261,1648,1365,921
582480,3019,6,3025,2069,1272,1650,1275,942
583154,3018,7,3023,1653,1223,1647,1229,912
583849,3019,6,3025,2089,1258,1649,1208,899
584523,3018,7,3021,1653,1212,1648,1195,886
585218,3019,6,3025,2097,1251,1649,1191,874
585911,3017,7,3024,1653,1205,1648,1188,866
586588,3018,6,3025,2103,1246,1649,1332,862
587263,3017,7,3024,1653,1199,1649,1260,899
587959,3018,6,3025,2112,1238,1648,1299,888
588633,3018,7,3023,1653,1191,1649,1318,901
589327,9,6,3025,1866,1330,1862,1455,980
590154,7,7,3024,1653,1302,1648,1316,1146
590862,7,7,3025,1653,1291,2048,1465,1028
591652,7,6,3025,1654,1256,1648,1466,1032
592350,7,6,3025,1653,1269,2075,1479,1175
593024,7,7,3023,1653,1224,1648,1328,1112
593720,7,6,3025,1654,1256,2089,1628,1091
594394,7,7,3023,1653,1213,1649,1479,1139
595088,7,6,3025,1655,1250,2101,1710,1096
595764,7,7,3024,1652,1207,1649,1440,1312
596460,7,6,3025,1655,1244,2108,1619,1158
597134,7,7,3024,1653,1197,1648,1473,1304
597831,7,6,3025,1655,1236,2114,1644,1241
598505,7,7,3024,1652,1190,1649,1487,1216
599201,7,102,3026,1603,1653,1921,1420,1135
599875,7,2898,3024,1368,1656,1649,1372,1067
600653,7,3014,3025,1312,1656,1647,1417,1013
601352,7,3017,3028,1246,1654,2062,1663,1008
602028,7,3019,3025,1272,1658,1648,1495,1250
602731,7,3018,3028,1225,1654,2080,1638,1155
603495,7,3017,3026,1222,1653,2084,1778,1240
604317,7,3020,3025,1247,1656,1648,1477,1409
605613,6,3020,3026,1246,1655,1647,1326,1222
606485,7,3018,3026,1217,1653,2094,1490,1208
607265,7,3018,3028,1203,1653,2103,1503,1135
608115,7,3020,3025,1246,1655,1648,1344,1101
608900,7,3019,3025,1242,1655,1648,1264,1089
609641,7,3020,3025,1221,1655,2037,1438,978
610339,7,3018,7,1339,1654,1649,1452,1069
611284,7,3019,7,1285,1653,1648,1313,1051
612056,8,3018,7,1240,1653,1648,1323,1123
612730,9,3019,7,1272,2076,1648,1395,1023
613425,7,3018,7,1223,1654,1649,1362,1003
614100,7,3020,7,1261,2090,1649,1271,1050
614796,7,3019,7,1212,1654,1648,1228,959
615472,7,3019,7,1253,2098,1649,1208,923
616167,8,3018,7,1203,1653,1649,1199,897
616841,7,3019,7,1246,2108,1649,1194,888
617537,7,3018,7,1195,1653,1648,1189,881
618211,6,3020,7,1236,2115,1649,1260,868
618907,7,3018,7,1188,1653,1649,1222,869
619581,1019,3020,7,1653,1901,1417,1107,876
620276,2927,3020,7,1656,1653,1291,1074,831
621119,3014,3021,7,1653,2046,1285,1056,800
621819,3018,3020,7,1655,1654,1224,1039,846
622493,3017,3021,7,1652,2079,1260,951,793
623189,3018,3021,7,1655,1653,1208,918,725
623864,3017,3021,6,1652,2090,1251,892,752
624559,3019,3021,8,1655,1654,1197,881,682
625233,3018,3021,6,1649,2101,1244,1009,652
625931,3018,3020,7,1654,1654,1189,930,753
626605,3018,3021,7,1653,2109,1235,915,774
627299,3019,3020,7,1654,1653,1179,884,705
627973,3015,3021,7,1652,2119,1223,960,730
628667,3019,3021,8,1654,1652,1172,902,703
629341,3017,3021,4,1650,2128,1217,892,735
630038,3019,6,8,1899,1710,1333,984,746
630860,3018,7,7,1653,1654,1296,1018,792
631580,3018,6,8,2061,1654,1250,1078,757
632333,3019,6,8,2072,1654,1219,975,766
633009,3018,7,6,1653,1654,1255,1064,732
633702,3018,6,8,2092,1654,1200,1034,815
634377,3018,7,6,1653,1655,1245,968,843
635087,3018,6,8,2100,1654,1194,919,760
635899,3019,7,6,1653,1654,1227,903,770
636659,3019,7,6,1653,1655,1231,968,694
637368,3019,6,8,2115,1654,1179,905,757
638200,3018,7,6,1652,1655,1223,898,691
638992,3018,7,6,1652,1656,1227,901,727
639773,3015,7,2805,1653,1358,1647,1050,678
640722,3018,7,3019,1653,1279,1648,1197,721
641611,3020,6,3024,2046,1290,1649,1267,868
642528,3019,6,3025,2067,1275,1650,1301,879
643203,3018,7,3024,1653,1221,1649,1241,964
643903,3019,6,3025,2095,1253,1650,1216,908
644575,3018,7,3023,1653,1205,1649,1203,892
645270,3019,6,3024,2105,1245,1649,1197,884
645947,3018,7,3024,1653,1200,1648,1266,948
646642,3019,7,3025,2112,1238,1648,1365,1054
647316,3018,7,3024,1654,1189,1648,1271,1144
648012,7,7,3024,1684,1374,1959,1335,1084
648850,7,7,3024,1653,1286,1648,1402,1084
649544,7,6,3025,1654,1288,2053,1435,1173
650218,7,7,3024,1653,1240,1648,1449,1092
650914,7,6,3025,1655,1267,2078,1609,1197
651595,7,7,3024,1653,1224,1648,1391,1319
652357,7,7,3023,1653,1218,1649,1429,1218
653052,7,6,3025,1655,1252,2096,1471,1109
653726,7,7,3024,1653,1206,1648,1324,1076
654422,7,6,3025,1655,1242,2106,1423,996
655101,7,7,3023,1652,1197,1649,1300,1000
655792,7,6,3025,1655,1236,2112,1557,949
656467,7,7,3024,1652,1190,1649,1440,1039
657162,7,2781,3026,1357,1654,1964,1566,1026
658000,7,3013,3025,1318,1655,1648,1448,1147
658700,7,3017,3026,1252,1654,2054,1608,1155
659375,7,3019,3025,1277,1658,1648,1465,1159
660069,7,3017,3028,1228,1654,2078,1625,1095
660744,7,3019,3025,1264,1656,1648,1476,1206
661440,7,3018,3026,1217,1653,2089,1493,1195
662113,7,3020,3026,1257,1656,1648,1411,1125
662808,7,3018,3028,1206,1654,2101,1462,1129
663483,7,3019,3025,1250,1655,1648,1319,1083
664178,7,3017,3026,1199,1654,2108,1560,1074
664871,7,3020,3025,1239,1654,1648,1514,1238
665568,7,3018,3026,1194,1654,2114,1590,1156
666242,7,3020,3025,1231,1654,1649,1460,1152
666944,8,3017,7,1299,1654,1753,1433,1095
667886,7,3018,7,1305,1654,1649,1377,1051
668738,7,3020,6,1300,2046,1649,1422,1150
669528,7,3019,7,1286,2061,1648,1373,1074
670411,7,3019,7,1242,1654,1648,1275,1074
671185,7,3018,7,1218,1654,1649,1233,947
672053,7,3020,7,1255,2094,1649,1233,935
672943,8,3018,7,1216,1653,1650,1409,935
673857,7,3019,7,1207,1653,1649,1437,967
674533,7,3019,7,1239,2113,1648,1379,992
675231,7,3019,7,1186,1654,1650,1356,979
675905,2255,3020,7,1653,1921,1393,1304,1036
676601,2981,3020,8,1655,1654,1282,1228,971
677440,3015,3021,7,1652,2048,1284,1125,1000
678137,3018,3020,7,1656,1653,1224,1076,898
678811,3018,3021,6,1652,2079,1260,970,833
679506,3019,3020,7,1656,1654,1207,923,761
680181,3017,3021,7,1650,2094,1249,913,700
680893,3018,3020,7,1655,1654,1201,897,673
681570,3018,3021,7,1653,2102,1241,874,720
682264,3019,3020,8,1655,1654,1186,937,659
682939,3017,3021,6,1652,2115,1230,986,731
683634,3019,3020,7,1654,1653,1175,916,786
684308,3018,3021,6,1652,2125,1221,898,782
685024,3017,7,8,1820,1809,1324,910,699
685866,3018,7,7,1653,1656,1317,1056,664
686560,3019,6,8,2046,1654,1242,956,777
687233,3018,7,7,1653,1654,1266,1056,794
687930,3019,8,8,2081,1655,1212,967,841
688605,3017,6,6,1653,1654,1253,991,764
689299,3019,6,8,2095,1654,1200,1000,732
689974,3018,7,7,1653,1655,1242,952,789
690669,3018,6,9,2105,1654,1189,904,727
691351,3018,6,7,1653,1655,1233,948,677
692046,3019,6,8,2117,1655,1178,903,743
692724,3019,7,6,1653,1656,1225,896,754
693470,3018,7,6,1653,1655,1213,886,688
694167,3019,6,1787,1971,1466,1647,1113,724
694841,3018,7,2965,1653,1316,1649,1151,760
695617,3019,7,3020,1653,1268,1649,1313,794
696315,3019,6,3024,2064,1278,1648,1251,862
696989,3017,7,3023,1653,1228,1648,1216,865
697685,3019,6,3025,2086,1260,1649,1201,949
698361,3018,7,3023,1653,1212,1648,1194,915
699131,3018,7,3024,1653,1208,1648,1190,887
699903,3018,7,3023,1652,1208,1647,1329,871
700656,3017,7,3024,1652,1196,1648,1255,1041
701371,3019,6,3025,2113,1234,1648,1222,952
702201,7,7,3024,1666,1352,1648,1349,923
703250,7,6,3025,1653,1318,2023,1398,936
704082,6,7,3024,1653,1250,1648,1293,1105
704981,7,6,3025,1655,1280,2062,1601,1069
705847,7,7,3023,1652,1240,1648,1387,1253
706696,7,6,3025,1655,1264,2083,1440,1107
707373,7,7,3024,1653,1213,1648,1382,1061
708070,7,6,3025,1655,1247,2103,1449,1156
708746,7,7,3024,1652,1199,1649,1317,1089
709441,7,6,3025,1656,1236,2113,1418,1000
710116,7,302,3024,1599,1654,1648,1376,1145
710812,7,2892,3028,1339,1654,1979,1393,1124
711652,7,3015,3025,1317,1656,1649,1362,1195
712391,7,3019,3025,1280,1656,1648,1416,1144
713095,7,3018,3028,1233,1654,2073,1454,1210
713850,7,3018,3028,1227,1654,2079,1622,1194
714525,7,3020,3025,1264,1655,1649,1400,1184
715221,7,3018,3026,1214,1654,2091,1666,1157
715896,7,3020,3025,1256,1656,1648,1422,1184
716590,7,3018,3028,1203,1653,2103,1543,1095
717266,7,3019,3025,1246,1655,1647,1360,1102
717962,7,3018,3028,1194,1654,2113,1656,1021
718636,7,3019,3025,1234,1655,1648,1559,1114
719332,7,3018,3026,1183,1653,2124,1539,1255
720006,7,3018,7,1336,1873,1735,1395,1173
720783,7,3019,7,1340,2003,1649,1288,1150
721504,7,3018,7,1260,1654,1648,1236,1017
722179,7,3019,7,1284,2062,1649,1289,1028
722874,7,3018,7,1230,1653,1648,1236,1029
723549,7,3019,7,1264,2085,1649,1355,968
724290,7,3020,7,1246,2105,1648,1268,1097
724985,7,3018,7,1202,1653,1649,1296,982
725660,7,3019,7,1247,2105,1649,1379,1083
726356,6,3019,7,1195,1653,1649,1282,1026
727030,7,3020,7,1238,2114,1648,1376,1026
727726,7,3018,7,1184,1653,1638,1271,998
728400,2675,3021,7,1652,1945,1373,1113,936
729175,3007,3020,7,1652,2018,1311,1012,862
729875,3018,3020,7,1654,1653,1238,1001,792
730645,3018,3020,8,1654,1653,1223,943,822
731437,3019,3020,8,1654,1653,1211,912,742
732280,3018,3021,6,1652,2075,1262,893,689
733079,3018,3021,7,1649,2084,1250,949,652
733856,3018,3021,7,1652,2092,1250,909,658
734612,3018,3021,7,1652,2115,1225,901,715
735498,3019,3020,7,1654,1652,1186,880,670
736334,3018,3021,6,1650,2114,1227,887,670
737085,3018,7,7,1652,1697,1363,1063,699
738007,3018,7,6,1653,1653,1301,985,731
738765,3018,7,6,1653,1654,1273,932,782
739461,3018,6,8,2076,1655,1217,978,788
740136,3018,7,6,1652,1654,1256,1065,737
740831,3018,6,8,2094,1654,1200,964,749
741506,3018,7,6,1652,1655,1245,910,719
742201,3019,6,8,2105,1654,1189,882,749
742876,3018,7,4,1652,1653,1234,891,753
743572,3018,6,8,2113,1654,1178,871,689
744331,3018,6,8,2120,1654,1170,855,652
745006,3018,7,6,1652,1656,1648,1032,627
745702,3018,7,2859,1947,1376,1649,1184,683
746790,3019,6,3021,2028,1308,1649,1257,847
747464,3018,7,3021,1652,1242,1648,1219,1003
748159,3019,8,3025,2076,1268,1649,1205,941
748834,3018,7,3023,1653,1221,1648,1338,980
749529,3019,6,3025,2092,1256,1649,1262,958
750203,3018,7,3023,1653,1207,1648,1222,919
750900,3019,6,3025,2103,1244,1648,1344,899
751576,3018,7,3023,1653,1195,1648,1404,1062
752271,3019,7,3025,2117,1246,1736,1330,1164
752946,7,7,3023,1675,1352,1648,1257,1118
753730,7,7,3024,1653,1294,1647,1222,1067
754490,7,7,3024,1652,1257,1648,1207,973
755187,7,6,3025,1654,1275,2068,1423,992
755865,7,7,3024,1653,1231,1647,1302,1072
756557,7,6,3025,1654,1263,2083,1472,1061
757232,7,7,3023,1653,1217,1649,1401,1053
757928,7,4,3025,1654,1252,2096,1456,1021
758603,7,7,3024,1652,1206,1648,1395,1028
759298,7,6,3025,1656,1241,2108,1457,1007
759973,7,7,3024,1652,1191,1647,1318,1097
760668,7,1625,3026,1457,1653,1903,1409,1003
761354,7,2958,3025,1358,1655,1648,1293,1070
762273,7,3018,3025,1300,1656,1647,1308,1058
763058,7,3019,3025,1291,1656,1648,1389,982
763819,6,3019,3025,1278,1656,1649,1362,982
764530,7,3018,3026,1228,1653,2080,1503,1039
765380,7,3020,3025,1258,1655,1648,1341,1126
766171,7,3019,3025,1267,1655,1647,1406,1028
766945,7,3020,3026,1258,1655,1648,1437,1147
767725,7,3020,3025,1240,1656,1648,1385,1219
768518,7,3020,3024,1246,1655,1647,1280,1096
769376,7,3018,8,1267,1654,1833,1380,987
770305,7,3019,7,1319,1654,1649,1280,1120
771062,7,3018,7,1266,1654,1649,1233,1078
771737,6,3020,6,1284,2064,1649,1212,981
772433,7,3018,8,1230,1653,1648,1201,930
773193,7,3018,8,1223,1653,1649,1191,899
773873,7,3019,7,1258,2091,1649,1333,886
774626,6,3020,7,1251,2102,1649,1334,1048
775321,7,3019,7,1200,1653,1650,1334,991
775996,7,3019,7,1241,2111,1648,1257,1032
776691,7,3018,7,1188,1653,1650,1223,1091
777366,2258,3021,7,1652,1918,1398,1175,993
778063,2981,3020,7,1655,1654,1289,1031,920
778903,3017,3021,6,1653,2046,1288,959,829
779597,3018,3020,7,1655,1653,1229,926,755
780272,3018,3021,6,1652,2076,1263,970,702
780967,3018,3020,7,1655,1653,1208,919,765
781647,3018,3021,6,1652,2097,1245,886,775
782342,3018,3020,7,1654,1654,1192,876,691
783016,3017,3021,7,1652,2105,1239,894,647
783710,3018,3020,7,1655,1653,1183,876,634
784386,3019,3021,6,1650,2118,1227,890,693
785082,3019,3021,8,1654,1653,1169,868,724
785756,3018,7,7,1653,1846,1333,1043,733
786532,3018,7,7,1653,1655,1333,987,807
787230,3019,6,8,2040,1655,1250,925,820
787904,3018,7,6,1653,1654,1271,1046,730
788600,3019,6,8,2080,1654,1212,1030,738
789274,3018,7,6,1654,1654,1253,1021,736
789969,3019,6,8,2097,1654,1195,942,731
790644,3017,7,6,1653,1655,1240,926,693
791343,3019,6,8,2107,1655,1183,962,671
792016,3018,7,6,1653,1656,1229,927,742
792712,3019,6,8,2119,1655,1172,957,695
793393,3018,7,7,1653,1656,1648,1147,682
794174,3017,7,2898,1652,1343,1648,1172,829
795132,3019,7,3021,1653,1279,1648,1252,910
795917,3018,7,3023,1652,1251,1648,1221,886
796715,3018,7,3023,1652,1238,1649,1205,958
797499,3018,7,3024,1652,1229,1648,1197,912
798270,3018,7,3024,1653,1213,1648,1264,894
799035,3018,7,3023,1653,1202,1649,1225,1028
799738,3020,6,3025,2108,1240,1649,1207,962
800506,7,7,3025,1832,1344,1871,1406,924
801591,7,6,3024,1653,1304,1647,1363,963
802425,7,7,3024,1653,1269,1649,1417,962
803172,7,7,3023,1653,1238,1647,1301,1122
803871,7,4,3025,1654,1266,2078,1538,1009
804546,7,7,3023,1653,1222,1648,1431,1058
805242,7,6,3025,1655,1256,2094,1612,1177
805919,7,7,3020,1652,1207,1649,1539,1173
806673,7,7,3023,1653,1199,1648,1357,1135
807368,7,6,3025,1656,1235,2113,1586,1183
808042,7,7,3024,1631,1655,1649,1383,1231
808737,7,2870,3026,1344,1654,1974,1468,1102
809575,7,3015,3025,1322,1655,1648,1323,1144
810272,7,3015,3028,1257,1653,2051,1400,1028
810946,7,3020,3025,1283,1656,1649,1294,1006
811649,7,3017,3026,1230,1654,2072,1394,1026
812324,7,3019,3025,1269,1655,1648,1432,1003
813019,7,3017,3028,1214,1653,2094,1466,1148
813694,7,3020,3025,1255,1655,1648,1326,1238
814393,6,3017,3028,1201,1654,2105,1422,1147
815150,7,3018,3028,1196,1653,2112,1611,1073
815826,8,3020,3025,1235,1655,1648,1396,1120
816521,7,3018,7,1275,1654,1815,1429,1052
817359,7,3020,7,1354,1991,1648,1306,1028
818053,7,3018,8,1275,1653,1648,1246,1042
818728,7,3019,7,1289,2059,1649,1218,1020
819423,7,3018,7,1233,1654,1649,1343,952
820098,7,3019,7,1269,2083,1648,1404,1085
820794,8,3019,6,1217,1653,1649,1367,1177
821488,7,3020,7,1256,2097,1648,1416,1136
822185,8,3018,7,1208,1654,1649,1300,1202
822860,7,3019,7,1242,2109,1648,1313,1052
823555,8,3018,7,1186,1653,1650,1249,1124
824229,2343,3021,7,1653,1918,1399,1184,989
824925,2986,3020,7,1655,1654,1289,1105,991
825775,3017,3019,7,1652,2039,1295,1139,963
826558,3018,3020,7,1653,2056,1279,1008,958
827324,3018,3021,7,1652,2073,1266,941,830
828035,3018,3020,7,1655,1653,1210,979,747
828866,3018,3020,6,1653,2096,1246,919,720
829660,3019,3021,7,1653,2092,1246,887,677
830442,3018,3021,6,1652,2102,1240,892,643
831226,3018,3021,7,1652,2115,1227,962,636
832138,3019,3021,6,1650,1932,1313,1080,726
833053,3018,7,7,1653,1655,1333,1006,753
833928,3019,6,7,2030,1655,1256,937,800
834690,3019,6,8,2065,1655,1225,982,797
835447,3019,6,8,2081,1654,1211,1002,814
836122,3018,6,6,1653,1655,1250,1070,761
836818,3019,7,8,2101,1656,1192,964,833
837493,3018,7,6,1654,1656,1235,931,755
838188,3018,6,8,2113,1654,1179,960,703
838862,3018,7,6,1653,1658,1223,924,759
839557,3019,6,964,2083,1560,1648,1129,702
840232,3018,7,2929,1653,1336,1649,1235,757
841007,3018,7,3019,1654,1279,1648,1351,833
841724,3019,6,3024,2039,1300,1649,1271,1030
842480,3020,6,3024,2064,1275,1649,1228,956
843154,3018,7,3023,1653,1222,1649,1206,930
843850,3019,6,3025,2092,1256,1648,1195,899
844523,3018,7,3023,1653,1206,1648,1189,881
845236,3019,6,3024,2125,1228,1649,1263,868
845910,3018,7,3024,1654,1189,1648,1227,945
846606,7,7,3024,1689,1379,1951,1382,918
847444,7,7,3023,1652,1296,1648,1354,1090
848141,7,6,3025,1654,1294,2047,1482,1015
848815,8,7,3024,1653,1245,1648,1328,1035
849510,7,6,3024,1655,1272,2074,1484,978
850184,7,7,3023,1653,1224,1648,1477,1090
850879,7,6,3024,1654,1257,2092,1565,1070
851554,8,7,3024,1652,1208,1648,1369,1168
852250,7,6,3025,1656,1244,2105,1583,1202
852924,6,7,3023,1652,1195,1648,1378,1170
853619,7,1537,3026,1473,1654,1894,1429,1140
854293,7,2954,3028,1365,1656,1648,1306,1073
855073,7,3018,3028,1321,1656,1647,1316,989
855833,7,3018,3025,1295,1656,1648,1321,1095
856536,7,3018,3026,1240,1654,2065,1473,1003
857299,7,3019,3028,1233,1654,2074,1481,1026
858134,7,3020,3025,1260,1656,1647,1474,1184
858921,7,3019,3025,1263,1655,1648,1327,1114
859710,7,3020,3025,1256,1655,1647,1253,1092
860603,7,3018,3026,1213,1654,2094,1379,1117
861372,7,3018,3028,1197,1654,1946,1598,1185
862227,8,3018,7,1377,1965,1648,1457,1306
863300,7,3020,7,1307,2037,1648,1317,1308
864078,6,3019,7,1293,2056,1648,1249,1250
864774,7,3018,7,1236,1653,1648,1358,1192
865449,7,3020,7,1268,2084,1648,1343,1210
866144,8,3019,7,1211,1654,1648,1260,1067
866817,6,3019,7,1251,2102,1649,1227,1108
867513,7,3018,7,1197,1653,1649,1203,997
868187,7,3020,7,1236,2117,1648,1192,931
868881,1002,3020,7,1653,1654,1402,1227,969
869556,2934,3021,7,1652,1982,1343,1076,1000
870329,3014,3021,7,1652,2031,1300,1128,953
871028,3018,3020,7,1655,1653,1234,1081,881
871701,3018,3021,7,1652,2073,1267,1119,827
872397,3018,3020,8,1654,1653,1210,997,816
873072,3018,3021,7,1650,2092,1251,930,757
873769,3019,3020,7,1654,1653,1195,968,699
874444,3017,3021,6,1652,2108,1236,1007,763
875144,3019,3020,7,1653,1653,1179,932,738
875902,3019,3021,8,1654,1653,1170,890,765
876578,3017,7,7,1653,1804,1340,1056,688
877440,3019,6,8,1993,1654,1288,1117,724
878113,3018,3,6,1653,1654,1288,1142,765
878808,3018,6,8,2065,1654,1224,1008,864
879482,3018,7,6,1653,1654,1262,1014,785
880176,3018,6,8,2089,1656,1203,1009,752
880859,3018,7,6,1652,1655,1246,934,803
881575,3019,6,9,2107,1653,1205,908,724
882249,3019,7,7,1653,1655,1233,974,748
882944,3019,6,8,2117,1653,1175,907,713
883619,3018,7,1979,1653,1417,1648,1195,671
884313,3019,6,2979,1976,1351,1649,1192,838
885137,3018,7,3020,1654,1268,1648,1191,852
885834,3019,6,3024,2061,1284,1648,1261,854
886761,3020,6,3025,2068,1277,1649,1221,1007
887437,3018,7,3023,1653,1222,1648,1203,943
888134,3018,6,3025,2095,1255,1648,1266,913
888809,3018,7,3024,1654,1203,1648,1367,1037
889576,3018,7,3023,1654,1195,1648,1273,1000
890346,7,7,3023,1735,1358,1648,1233,1080
891257,7,7,3023,1653,1296,1648,1207,987
892025,7,7,3023,1653,1262,1647,1336,935
892808,7,7,3023,1653,1252,1647,1400,1075
893600,7,7,3023,1653,1242,1648,1293,1169
894380,7,7,3024,1653,1230,1648,1235,1105
895149,7,7,3024,1653,1211,1648,1211,974
895960,7,7,3023,1653,1212,1648,1196,930
896843,7,6,3025,1655,1241,2105,1505,896
897751,7,2903,3028,1356,1653,1964,1665,1058
898679,7,3014,3028,1293,1654,2021,1550,1135
899437,7,3017,3026,1257,1653,2052,1507,1123
900111,7,3019,3025,1282,1655,1647,1341,1096
900807,7,3018,3026,1227,1654,2080,1493,1090
901502,7,3017,3025,1264,1656,1648,1334,1080
902198,6,3017,3028,1203,1653,2102,1422,1147
902874,7,3020,3025,1247,1655,1649,1299,1073
903570,7,3018,3026,1194,1653,2113,1560,985
904244,7,3020,3025,1233,1655,1648,1510,1057
904940,7,3018,7,1328,1655,1691,1505,1203
905767,7,3019,7,1338,2004,1648,1339,1136
906473,7,3018,7,1267,1653,1649,1402,1030
907227,7,3019,7,1244,1653,1649,1434,1009
907902,7,3019,7,1274,2075,1649,1307,1153
908597,8,3018,7,1221,1653,1650,1246,1025
909271,7,3019,7,1260,2094,1649,1288,940
909967,8,3019,7,1205,1653,1649,1306,1058
910641,7,3019,7,1242,2109,1649,1245,982
911355,8,3018,7,1186,1654,1647,1286,916
912030,2358,3021,7,1652,1909,1405,1130,905
912726,2986,3020,8,1655,1653,1294,1012,863
913564,3017,3020,7,1653,2040,1295,952,794
914265,3019,3020,8,1653,1653,1228,925,726
914939,3018,3021,7,1652,2079,1263,902,688
915634,3018,3020,7,1655,1654,1205,888,727
916314,3018,3021,7,1650,2096,1247,1015,669
917052,3019,3019,6,1652,2115,1230,1025,697
917748,3019,3020,7,1653,1654,1178,932,782
918422,3018,3021,6,1652,2125,1221,979,722
919117,3018,7,8,1811,1815,1317,1018,775
919958,3018,7,7,1652,1655,1323,1108,746
920655,3018,6,8,2041,1654,1249,1003,840
921454,3019,6,8,2064,1655,1229,1014,778
922217,3019,6,8,2084,1654,1210,1015,750
923059,3018,7,6,1653,1656,1253,941,805
923857,3017,7,7,1653,1658,1247,971,731
924639,3018,7,6,1653,1656,1239,932,703
925406,3018,7,6,1654,1656,1222,912,683
926311,3019,7,2713,1902,1412,1649,1052,656
927418,3020,6,3021,2001,1330,1649,1197,713
928235,3017,7,3023,1654,1250,1649,1336,864
928935,3019,6,3024,2074,1273,1648,1332,1041
929610,3018,6,3023,1653,1221,1648,1255,1128
930306,3020,6,3025,2095,1255,1649,1218,1070
930982,3018,7,3024,1653,1203,1649,1345,1047
931678,3019,6,3025,2112,1236,1647,1263,993
932352,6,7,3023,1815,1334,1649,1366,932
933128,7,7,3023,1652,1321,1648,1275,949
933825,7,6,3025,1654,1310,2032,1365,915
934499,7,7,3024,1653,1255,1648,1277,936
935195,7,6,3025,1655,1277,2069,1528,982
935869,7,7,3024,1654,1229,1649,1496,1111
936575,7,6,3026,1655,1262,2086,1494,1087
937331,7,6,3025,1656,1252,2098,1577,1073
938005,7,7,3023,1652,1201,1648,1376,1174
938701,7,6,3025,1656,1233,2115,1448,1210
939375,7,2665,3025,1412,1656,1649,1390,1260
940171,7,3007,3025,1345,1654,1648,1285,1118
940866,7,3017,3028,1275,1653,2034,1369,1075
941592,7,3019,3025,1293,1656,2019,1410,1017
942266,7,3019,3025,1293,1655,1649,1372,1083
942962,7,3018,3026,1229,1655,2080,1432,1091
943637,7,3019,3024,1263,1656,1648,1449,1128
944332,7,3018,3028,1205,1653,2102,1555,1079
945006,7,3020,3026,1242,1655,1649,1509,1167
945700,7,3018,3026,1189,1654,2119,1588,1260
946374,7,3018,7,1312,1811,1803,1589,1197
947149,7,3020,7,1365,1980,1649,1522,1168
947847,7,3018,7,1279,1654,1648,1346,1128
948522,7,3019,7,1293,2054,1648,1405,1107
949217,7,3018,8,1235,1653,1648,1290,1188
949890,7,3019,7,1269,2084,1649,1382,1183
950585,7,3018,7,1213,1655,1649,1423,1210
951260,7,3020,7,1253,2101,1649,1305,1245
951999,8,3020,7,1231,2120,1649,1246,1074
952694,8,3018,7,1184,1654,1650,1219,1039
953380,2594,3020,7,1652,1936,1383,1089,1031
954328,3010,3021,7,1652,2009,1321,1003,905
955103,3017,3021,7,1652,2042,1293,951,800
955810,3018,3020,7,1655,1653,1227,923,737
956657,3017,3021,7,1653,2073,1267,1042,688
957542,3019,3020,7,1654,1654,1214,1029,716
958382,3018,3021,7,1653,2100,1242,938,794
959155,3018,3020,7,1653,2117,1224,915,720
960082,3018,3020,7,1738,1899,1300,981,684
960950,3019,6,8,1978,1655,1302,1081,761
961905,3019,6,8,2040,1654,1250,971,769
962663,3019,6,8,2067,1654,1224,926,728
963337,3018,7,6,1653,1655,1258,969,686
964031,3019,6,8,2094,1655,1200,987,757
964705,3018,7,6,1653,1655,1240,945,728
965400,3019,6,8,2108,1654,1183,904,700
966073,3018,7,7,1654,1656,1225,898,665
966769,3019,6,181,2128,1614,1649,1190,647
967442,3018,7,2896,1653,1347,1648,1191,760
968219,3018,7,3018,1653,1289,1649,1266,811
968923,3019,4,3024,2048,1285,1649,1366,916
969603,3018,7,3023,1654,1236,1649,1277,1078
970293,3019,6,3024,2083,1264,1649,1228,976
970967,3018,7,3023,1654,1212,1649,1211,1006
971665,3019,6,3025,2102,1249,1648,1269,942
972339,3018,7,3023,1653,1195,1648,1224,1054
973035,7,7,3025,1757,1368,1909,1505,964
973861,7,7,3023,1653,1308,1648,1345,1161
974557,7,6,3025,1655,1305,2039,1478,1119
975232,8,7,3021,1652,1253,1648,1330,1087
975928,7,6,3025,1655,1275,2070,1625,1004
976602,7,8,3024,1653,1227,1648,1400,1231
977307,7,6,3025,1655,1257,2091,1522,1101
978061,6,6,3025,1656,1249,2102,1663,1095
978734,7,7,3023,1652,1196,1648,1417,1152
979431,8,2067,3026,1422,1654,1908,1459,1072
980106,7,2976,3025,1363,1655,1649,1322,1125
980885,7,3018,3025,1326,1655,1648,1394,1024
981585,7,3017,3028,1260,1652,2048,1428,1141
982261,7,3020,3025,1284,1656,1648,1304,1072
982956,7,3018,3026,1230,1653,2078,1611,1129
983631,7,3020,3025,1267,1656,1648,1466,1285
984326,7,3018,3028,1210,1653,2098,1627,1299
985006,7,3019,3025,1246,1654,1648,1400,1236
985793,7,3021,3025,1244,1654,1648,1433,1250
986581,7,3018,7,1319,1813,1797,1510,1128
987531,7,3019,7,1360,1985,1649,1421,1102
988413,6,3019,7,1284,1654,1649,1299,1054
989224,7,3020,7,1279,2069,1648,1240,976
990019,7,3020,7,1273,2074,1649,1213,934
990818,7,3020,7,1262,2087,1648,1345,912
991710,7,3020,7,1236,2115,1648,1405,929
992406,8,3018,8,1186,1653,1650,1296,1100
993079,1675,3021,8,1650,1885,1427,1147,1002
993772,2954,3020,7,1655,1653,1307,1026,908
994606,3015,3021,7,1653,2031,1304,1036,821
995299,3018,3020,7,1655,1650,1236,968,775
995972,3018,3020,7,1652,2073,1267,1064,725
996665,3019,3020,7,1654,1653,1207,1036,811
997343,3018,3021,7,1650,2096,1246,967,775
998092,3017,3021,7,1652,2111,1233,905,731
998875,3018,3020,7,1654,1652,1137,934,752
999632,3018,3020,7,1746,1915,1282,912,771
1000310,3018,7,7,1653,1655,1351,932,708
1001088,3018,7,7,1653,1655,1306,991,750
1001803,3019,6,8,2040,1655,1247,1065,797
1002481,3018,6,6,1653,1655,1271,968,848
1003179,3018,6,8,2083,1654,1208,990,759
1003856,3018,7,6,1653,1656,1249,925,731
1004554,3018,6,8,2103,1655,1189,892,693
1005230,3018,7,8,1653,1655,1229,965,661
1005928,3019,6,8,2120,1654,1169,904,669
1006606,3019,7,2196,1652,1417,1648,1053,647
1007307,3019,6,2990,1976,1350,1648,1124,702
1008148,3018,7,3021,1653,1272,1648,1301,763
1008843,3019,6,3024,2058,1285,1648,1383,978
1009520,3017,7,3023,1653,1227,1648,1354,1114
1010218,3019,6,3025,2090,1261,1648,1339,1169
1010895,3018,7,3023,1653,1207,1648,1404,1050
1011594,3019,6,3025,2111,1239,1648,1294,1156
1012271,7,7,3024,1804,1341,1647,1241,1025
1013049,7,7,3024,1653,1322,1648,1211,940
1013749,7,6,3025,1655,1311,2031,1332,905
1014426,7,7,3023,1652,1255,1647,1398,919
1015123,7,4,3025,1654,1277,2067,1440,1092
1015799,7,7,3024,1652,1224,1648,1312,1197
1016496,7,6,3025,1655,1256,2091,1484,1050
1017177,7,7,3023,1652,1207,1648,1335,1056
1018080,7,6,3025,1656,1250,2101,1427,1063
1018907,7,2855,3025,1399,1655,1647,1445,1035
1019784,7,3012,3028,1305,1653,2008,1588,1031
1020625,7,3019,3025,1307,1656,1648,1526,1090
1021424,7,3019,3025,1295,1655,1648,1354,1228
1022207,7,3020,3025,1285,1655,1647,1264,1083
1022978,7,3020,3025,1258,1655,1648,1369,975
1023768,7,3019,3024,1256,1655,1648,1274,969
1024637,7,3019,3026,1207,1653,2103,1398,925
1025310,7,3019,3025,1230,1655,2030,1572,1032
1026007,8,3018,8,1346,1654,1649,1371,1152
1026931,7,3018,8,1294,1654,1649,1273,1052
1027920,7,3020,7,1295,2054,1649,1230,963
1028615,7,3018,7,1235,1653,1650,1352,924
1029291,7,3019,7,1268,2086,1648,1409,1078
1029989,7,3019,7,1208,1653,1650,1439,1035
1030666,7,3020,7,1247,2108,1647,1450,1167
1031364,7,3019,7,1186,1654,1650,1457,1095
1032041,2579,3021,7,1653,1935,1385,1210,1064
1032818,3006,3021,6,1652,2006,1326,1206,973
1033519,3017,3020,7,1655,1653,1247,1025,990
1034197,3017,3021,7,1652,2065,1274,1029,852
1034895,3018,3020,8,1655,1653,1214,953,791
1035571,3018,3020,7,1653,2089,1255,1052,735
1036269,3018,3021,7,1654,1653,1194,1025,811
1036947,3018,3021,6,1652,2111,1234,934,838
1037647,3019,3020,8,1652,1654,1172,893,815
1038324,3017,7,7,1653,1849,1333,915,717
1039187,3018,7,8,1979,1655,1300,909,678
1039866,3018,7,6,1654,1655,1297,904,730
1040564,3018,6,8,2059,1654,1230,968,683
1041241,3018,7,6,1654,1654,1264,919,753
1041961,3018,6,8,2079,1654,1211,971,692
1042637,3018,7,6,1652,1655,1246,941,758
1043334,3019,6,8,2106,1655,1184,968,713
1044010,3018,7,6,1653,1658,1224,924,695
1044710,3019,6,1307,2045,1514,1648,1061,667
1045387,3018,7,2945,1653,1334,1648,1125,720
1046167,3018,7,3020,1653,1283,1649,1233,764
1046866,3019,6,3024,2051,1290,1649,1349,835
1047543,3019,7,3023,1653,1233,1649,1409,894
1048241,3019,6,3025,2086,1261,1648,1295,947
1048921,3018,7,3024,1653,1210,1648,1378,923
1049690,3018,7,3024,1653,1197,1649,1352,951
1050470,7,7,3023,1803,1344,1648,1410,1092
1051513,7,6,3025,1654,1347,1993,1415,1043
1052365,7,7,3023,1652,1274,1647,1439,1162
1053150,7,7,3023,1653,1256,1648,1310,1089
1053916,7,7,3023,1652,1227,1648,1390,996
1054716,7,7,3024,1650,1225,1648,1289,1126
1055492,7,7,3023,1652,1211,1647,1377,1010
1056237,7,7,3023,1652,1185,1648,1421,1125
1056937,7,2800,3026,1372,1654,1948,1399,1065
1057957,7,3017,3025,1338,1655,1647,1290,1025
1058738,8,3019,3025,1310,1656,1648,1240,1030
1059434,7,3017,3028,1244,1654,2062,1366,940
1060111,7,3019,3025,1274,1655,1648,1275,949
1060808,6,3018,3026,1216,1654,2091,1466,914
1061492,7,3020,3025,1253,1655,1649,1324,984
1062191,7,3018,3026,1194,1654,2113,1426,952
1062866,7,3020,3025,1231,1655,1649,1445,979
1063565,7,3018,7,1333,1653,1697,1334,1142
1064407,7,3019,7,1345,2001,1649,1261,1036
1065107,7,3018,7,1271,1653,1649,1223,1028
1065785,7,3019,7,1289,2058,1649,1277,954
1066483,7,3019,7,1228,1653,1650,1374,1061
1067160,7,3019,7,1264,2089,1649,1277,1153
1067857,7,3018,8,1205,1653,1649,1301,1013
1068535,7,3020,8,1244,2109,1648,1240,957
1069233,634,3019,8,1654,1654,1415,1255,1048
1069909,2921,3020,7,1653,1968,1356,1094,956
1070688,3013,3021,7,1650,2017,1313,1141,865
1071387,3018,3020,8,1653,1653,1244,1092,843
1072064,3018,3021,7,1652,2068,1272,982,814
1072763,3018,3020,8,1655,1654,1210,1000,824
1073440,3017,3021,7,1650,2095,1250,1000,761
1074138,3019,3020,8,1654,1653,1189,1001,805
1074814,3018,3020,7,1652,2117,1228,951,825
1075513,3019,3020,7,1653,1653,1166,962,744
1076190,3015,7,7,1653,1713,1367,964,710
1076968,3019,8,3,1652,1655,1324,946,692
1077667,3018,6,8,2042,1654,1246,1042,746
1078345,3018,7,6,1653,1655,1272,962,746
1079089,3018,7,6,1653,1655,1250,987,710
1079788,3018,6,8,2097,1654,1194,920,705
1080465,3018,7,6,1653,1656,1236,963,680
1081173,3019,6,8,2113,1650,1175,973,748
1082028,3018,7,1394,1653,1505,1648,1083,719
1082806,3018,7,2978,1653,1339,1648,1213,753
1083684,3020,6,3023,2019,1315,1649,1197,821
1084520,3018,7,3023,1654,1244,1648,1336,852
1085314,3018,7,3023,1654,1238,1649,1258,1034
1086109,3018,7,3024,1653,1227,1648,1365,1026
1086896,3018,7,3024,1652,1207,1648,1274,992
1087693,8,7,3023,1720,1367,1648,1305,934
1088793,7,7,3021,1653,1306,1648,1385,992
1089557,7,7,3023,1652,1267,1648,1355,1123
1090276,7,6,3025,1654,1275,2054,1416,1174
1090953,8,7,3023,1652,1236,1647,1442,1083
1091652,7,6,3025,1655,1261,2089,1545,1189
1092329,7,7,3024,1652,1207,1649,1506,1218
1093030,7,6,3025,1655,1239,2109,1584,1144
1093706,8,2470,3025,1438,1655,1649,1456,1139
1094404,7,2990,3026,1326,1654,1987,1511,1087
1095240,7,3019,3025,1316,1656,1648,1345,1153
1095967,7,3017,3028,1251,1653,2056,1412,1120
1096700,7,3018,3028,1236,1654,2070,1521,1054
1097376,7,3019,3025,1269,1655,1648,1349,1070
1098074,7,3017,3028,1210,1653,2097,1431,1003
1098758,7,3020,3025,1247,1655,1648,1306,1084
1099511,7,3020,3026,1231,1655,1648,1242,993
1100209,7,3018,7,1323,1653,1714,1383,1067
1101041,7,3020,7,1347,1997,1647,1424,1157
1101744,7,3018,8,1271,1653,1648,1299,1079
1102420,7,3020,7,1291,2059,1648,1244,1065
1103118,7,3018,7,1230,1653,1649,1290,984
1103794,7,3019,7,1266,2087,1648,1307,942
1104492,7,3018,7,1206,1653,1650,1387,925
1105169,7,3019,7,1244,2111,1648,1361,1089
1105866,7,3018,7,1653,1653,1432,1178,1089
1106543,2888,3020,7,1652,1968,1355,1057,964
1107321,3013,3021,7,1650,2017,1313,982,852
1108023,3018,3020,7,1655,1653,1245,991,842
1108776,3015,3020,7,1654,1654,1231,915,841
1109453,3017,3021,7,1653,2080,1262,894,809
1110152,3018,3020,8,1654,1654,1199,952,719
1110828,3017,3021,6,1652,2106,1236,899,766
1111526,3019,3020,7,1654,1654,1175,874,768
1112285,3018,3017,7,1653,2045,1245,868,691
1112964,3017,7,7,1652,1663,1374,916,716
1113847,3019,6,8,2012,1655,1273,975,676
1114667,3019,7,6,1653,1655,1268,1067,753
1115455,3018,7,6,1653,1655,1239,1028,759
1116249,3018,7,6,1653,1656,1252,1015,818
1117038,3018,7,7,1653,1658,1245,956,838
1117801,3018,7,6,1652,1658,1221,989,758
1118693,3020,7,2673,1905,1416,1649,1163,728
1119921,3019,6,3021,2015,1321,1649,1177,728
1120756,3018,8,3023,1652,1255,1647,1323,826
1121454,3019,6,3025,2078,1269,1648,1327,1017
1122130,3018,7,3023,1653,1218,1648,1400,1042
1122828,3020,6,3025,2102,1247,1647,1288,1153
1123504,3018,7,3023,2020,1274,1648,1311,1096
1124202,7,7,3025,1654,1384,1956,1351,1074
1125042,7,7,3021,1653,1297,1649,1343,1007
1125740,7,6,3025,1655,1300,2043,1401,975
1126417,6,7,3024,1652,1247,1648,1362,1124
1127116,7,6,3025,1656,1271,2076,1503,1180
1127793,7,6,3021,1653,1219,1648,1484,1126
1128491,7,6,3025,1656,1249,2101,1714,1230
1129167,7,7,3023,1652,1195,1648,1443,1240
1129864,7,2633,3026,1395,1654,1929,1544,1269
1130683,7,3009,3025,1343,1656,1647,1362,1185
1131382,7,3015,3028,1274,1654,2035,1559,1065
1132058,7,3019,3025,1294,1656,1648,1365,1163
1132756,7,3017,3026,1238,1653,2072,1643,1056
1133434,7,3019,3025,1268,1655,1648,1485,1263
1134130,7,3018,3026,1211,1653,2096,1494,1159
1134808,7,3020,3025,1246,1655,1648,1335,1186
1135541,3,3019,3025,1213,1655,1648,1401,1053
1136239,7,3018,8,1328,1653,1702,1312,1019
1137063,7,3020,7,1343,2002,1648,1388,1041
1137762,8,3018,7,1268,1654,1649,1284,1147
1138439,7,3020,7,1289,2061,1648,1236,1015
1139136,7,3018,7,1228,1654,1649,1213,956
1139817,7,3019,7,1262,2090,1649,1272,919
1140564,7,3019,7,1244,2111,1648,1299,897
1141261,8,3018,7,1189,1654,1650,1313,899
1141936,1864,3020,8,1653,1887,1426,1225,1051
1142634,2960,3020,8,1654,1654,1310,1202,965
1143473,3015,3021,6,1652,2026,1306,1050,919
1144167,3018,3020,8,1655,1654,1238,952,827
1144844,3018,3021,7,1652,2075,1267,914,816
1145547,3018,3020,7,1654,1653,1205,965,721
1146321,3019,3020,7,1654,1653,1191,909,770
1147126,3019,3020,7,1652,2130,1216,967,699
1147862,3018,3021,7,1654,1981,1282,926,760
1148645,3018,8,7,1653,1656,1358,1012,699
1149615,3019,7,6,1653,1656,1306,962,781
1150483,3018,6,8,2048,1655,1238,978,728
1151263,3017,6,8,2073,1655,1213,932,781
1152113,3019,8,6,1652,1656,1249,899,788
1152899,3018,8,7,1653,1658,1241,880,705
1153600,3018,6,347,2113,1608,1647,1040,727
1154275,3018,7,2904,1653,1356,1648,1192,736
1155220,3018,7,3020,1653,1293,1648,1332,804
1155962,3019,7,3023,1653,1246,1647,1329,874
1156661,3019,6,3024,2075,1272,1648,1330,1043
1157337,3018,7,3023,1653,1218,1647,1398,989
1158040,3019,6,3025,2101,1247,1647,1432,989
1158797,3020,6,3025,2109,1258,1738,1420,1003
1159473,7,7,3023,1680,1366,1648,1443,1006
1160339,7,6,3025,1654,1334,2007,1586,1015
1161098,7,6,3025,1654,1301,2042,1520,1148
1161794,7,7,3024,1652,1257,1647,1347,1115
1162492,7,6,3025,1655,1273,2074,1567,1102
1163171,7,7,3024,1653,1217,1648,1376,1115
1163868,7,6,3025,1656,1247,2102,1660,1108
1164544,7,7,3024,1650,1192,1649,1494,1296
1165242,7,2776,3026,1377,1654,1943,1511,1179
1166331,7,3015,3026,1302,1654,2012,1545,1129
1167005,7,3019,3025,1305,1656,1648,1503,1262
1167702,7,3018,3028,1242,1653,2064,1638,1302
1168379,7,3018,3025,1275,1655,1647,1479,1244
1169076,7,3018,3028,1214,1653,2097,1706,1285
1169752,7,3020,3025,1247,1655,1648,1581,1402
1170449,7,3018,3028,1191,1653,2117,1766,1266
1171125,7,3018,7,1343,1858,1739,1506,1417
1171957,7,3018,7,1313,1654,1648,1417,1382
1172630,7,3019,7,1312,2032,1648,1374,1256
1173329,7,3018,7,1251,1654,1648,1349,1108
1174005,7,3019,7,1279,2072,1648,1263,1168
1174703,7,3018,7,1219,1655,1649,1227,1091
1175379,7,3020,7,1256,2098,1648,1203,1059
1176076,7,3019,7,1194,1653,1650,1196,1035
1176752,260,3020,6,1652,1932,1452,1111,948
1177450,2897,3020,8,1654,1653,1326,1012,865
1178300,3014,3021,7,1652,2023,1310,1035,787
1179088,3018,3021,7,1650,2048,1288,1102,761
1179877,3018,3021,7,1652,2065,1275,992,846
1180672,3017,3021,7,1652,2081,1258,926,768
1181480,3019,3020,7,1653,1653,1196,967,703
1182267,3018,3020,7,1652,2107,1233,931,693
1183062,3018,7,7,1652,1700,1378,1092,741
1184116,3019,6,7,1998,1653,1284,986,763
1184929,3018,7,6,1652,1655,1284,1012,735
1185632,3019,6,8,2073,1654,1214,1014,726
1186308,3018,7,6,1652,1655,1253,1079,797
1187006,3018,6,8,2101,1653,1188,1036,785
1187682,3018,7,6,1653,1656,1228,963,763
1188381,3019,6,904,2085,1570,1648,1153,715
1189059,3017,7,2925,1653,1352,1648,1242,846
1189837,3019,7,3019,1650,1296,1648,1212,951
1190539,3019,7,3024,2046,1295,1648,1202,912
1191217,3017,7,3023,1652,1236,1648,1197,962
1191952,3017,7,3023,1652,1230,1648,1334,914
1192649,3019,6,3025,2096,1251,1648,1329,926
1193327,3018,7,3023,1653,1196,1647,1328,1072
1194026,7,7,3025,1698,1387,1935,1354,1140
1194851,7,7,3024,1653,1306,1648,1411,1041
1195549,7,6,3025,1655,1305,2039,1510,1019
1196226,7,7,3024,1652,1249,1648,1416,1051
1196922,7,6,3025,1655,1273,2074,1592,1166
1197599,7,7,3024,1650,1218,1647,1455,1294
1198297,7,6,3025,1656,1247,2101,1625,1301
1198972,7,7,3023,1652,1192,1648,1404,1374
1199670,7,2677,3028,1387,1653,1934,1387,1179
1200484,7,3010,3025,1335,1655,1648,1283,1074
1201236,7,3019,3025,1305,1656,1648,1233,1122
1201952,7,3018,3028,1255,1653,2054,1357,1012
1202629,7,3019,3025,1279,1655,1647,1268,1057
1203326,7,3017,3026,1217,1654,2090,1390,1107
1204003,7,3019,3025,1251,1654,1647,1362,1040
1204700,7,3018,3028,1192,1653,2115,1440,998
1205377,6,3017,7,1317,1804,1805,1373,1086
1206155,8,3019,7,1376,1969,1648,1278,1021
1206854,7,3018,7,1288,1654,1649,1234,951
1207530,7,3019,7,1297,2051,1649,1286,995
1208234,7,3018,7,1235,1653,1649,1238,945
1208992,7,3019,7,1219,1654,1648,1210,902
1209668,7,3019,7,1256,2098,1648,1343,886
1210378,8,3018,7,1195,1653,1650,1339,915
1211193,2229,3020,7,1652,1918,1400,1297,998
1212080,3001,3020,7,1653,1653,1300,1092,1087
1213098,3018,3020,7,1653,2035,1294,991,927
1213974,3019,3020,9,1653,1654,1233,1015,807
1214747,3018,3020,7,1654,1653,1208,1013,765
1215608,3018,3021,6,1652,2095,1241,1025,742
1216476,3019,3020,7,1653,1653,1180,936,736
1217234,3019,7,8,1901,1694,1350,943,765
1218170,3019,7,8,2007,1654,1277,984,714
1218928,3019,6,8,2048,1654,1238,943,703
1219606,3018,7,4,1654,1655,1268,908,680
1220305,3018,6,8,2087,1653,1202,886,661
1220988,3018,7,7,1653,1656,1241,965,636
1221738,3018,7,6,1653,1656,1222,926,660
1222435,3019,6,948,2085,1567,1647,1205,724
1223119,3017,7,2931,1652,1352,1648,1194,804
1223895,3018,7,3019,1653,1293,1648,1188,832
1224596,3019,6,3024,2048,1293,1648,1184,853
1225273,3018,7,3023,1653,1234,1647,1330,863
1225971,3019,6,3024,2087,1261,1648,1253,898
1226648,3015,7,3021,1653,1206,1648,1218,881
1227355,3018,4,3024,1945,1318,1800,1263,954
1228036,7,7,3024,1653,1355,1648,1367,913
1228809,7,7,3024,1653,1302,1649,1420,941
1229508,7,6,3025,1655,1305,2040,1656,975
1230186,7,7,3024,1650,1247,1648,1492,1229
1230884,7,6,3025,1655,1271,2078,1705,1212
1231562,7,7,3023,1652,1217,1648,1511,1365
1232261,7,6,3025,1656,1245,2105,1726,1213
1232939,7,1677,3024,1481,1655,1648,1521,1376
1233636,7,2954,3026,1346,1654,1969,1532,1225
1234458,7,3018,3025,1326,1656,1648,1356,1300
1235157,7,3017,3025,1261,1654,2048,1560,1194
1235834,7,3020,3025,1286,1656,1648,1369,1225
1236531,7,3018,3026,1227,1653,2081,1577,1090
1237207,7,3020,3025,1261,1655,1648,1452,1184
1237905,7,3017,3026,1201,1654,2108,1625,1107
1238582,7,3020,3026,1234,1654,1649,1401,1280
1239279,7,3018,8,1334,1653,1703,1311,1131
1240095,7,3019,7,1343,2001,1649,1323,1095
1240796,7,3018,7,1271,1654,1649,1324,1076
1241578,7,3018,7,1246,1654,1648,1251,1141
1242349,7,3019,7,1233,1653,1650,1358,1142
1243174,7,3018,7,1250,2102,1648,1272,1186
1243961,7,3020,7,1245,2106,1645,1300,1101
1244756,2528,3021,7,1652,1919,1396,1211,998
1245797,3014,3020,8,1655,1654,1290,1119,937
1246579,3018,3020,8,1656,1653,1249,1128,942
1247428,3018,3021,7,1650,2062,1277,1144,877
1248299,3019,3020,8,1653,1653,1213,1013,877
1249057,3018,3020,8,1654,1653,1189,1004,785
1249735,3018,3021,6,1652,2124,1222,1018,821
1250432,3018,6,8,1898,1702,1346,1052,771
1251282,3018,7,7,1653,1655,1323,989,758
1252052,3018,7,6,1652,1655,1289,1012,796
1252751,3019,6,8,2061,1654,1225,951,753
1253428,3018,7,6,1652,1655,1258,985,710
1254126,3018,6,8,2097,1654,1192,923,704
1254802,3018,7,7,1652,1656,1230,980,676
1255500,3018,6,8,2123,1654,1166,907,753
1256177,3014,7,2766,1652,1374,1648,1123,697
1256955,3018,7,3014,1654,1306,1649,1161,752
1257655,3019,6,3024,2040,1301,1648,1172,798
1258335,3017,7,3023,1653,1239,1648,1180,897
1259094,3018,7,3023,1652,1218,1648,1181,871
1259792,3019,6,3025,2100,1249,1647,1186,869
1260470,3018,7,3023,1904,1315,1648,1258,866
1261171,7,6,3025,1654,1376,1963,1328,868
1262027,6,7,3023,1652,1286,1647,1258,898
1262725,7,6,3025,1655,1299,2045,1362,957
1263401,7,7,3024,1653,1244,1648,1274,1098
1264099,7,6,3026,1656,1269,2081,1533,1058
1264776,7,7,3023,1652,1213,1648,1432,1081
1265474,7,6,3025,1656,1242,2108,1545,1048
1266151,8,2439,3025,1443,1655,1647,1360,1076
1266849,7,2989,3028,1335,1654,1979,1523,1156
1267668,7,3018,3025,1319,1656,1649,1354,1262
1268366,7,3017,3028,1257,1654,2050,1409,1175
1269043,7,3020,3025,1284,1656,1648,1372,1081
1269741,7,3018,3028,1223,1653,2086,1434,1023
1270418,7,3019,3025,1255,1654,1647,1445,1018
1271117,7,3018,3028,1197,1653,2109,1622,1024
1271795,7,3019,3025,1247,1746,1903,1557,1239
1272493,7,3018,7,1360,1653,1649,1365,1245
1273314,7,3019,7,1328,2018,1648,1274,1239
1274016,7,3018,7,1260,1653,1649,1229,1052
1274788,7,3018,8,1238,1653,1650,1205,975
1275557,7,3019,6,1221,1652,1650,1197,920
1276312,7,3018,7,1203,1653,1650,1191,893
1277004,7,3020,7,1235,2118,1597,1166,951
1277790,2843,3021,7,1652,1941,1380,1206,891
1278750,3014,3021,7,1650,2006,1323,1062,951
1279536,3017,3020,7,1650,2041,1294,1050,920
1280335,3018,3021,6,1652,2065,1273,1103,904
1281133,3018,3020,7,1652,2081,1260,1124,914
1282158,3019,3020,7,1653,1653,1188,992,862
1282959,3019,7,7,1652,1778,1349,1039,781
1283858,3019,7,6,1653,1654,1318,1052,757
1284592,3019,7,6,1653,1655,1277,967,824
1285289,3019,7,8,2070,1654,1221,998,755
1285965,3018,7,6,1653,1654,1258,931,800
1286663,3019,7,8,2096,1654,1195,898,720
1287340,3018,7,7,1653,1656,1233,871,673
1288037,3018,6,8,2122,1654,1167,855,710
1288712,3017,7,2752,1653,1378,1648,1026,647
1289491,3018,7,3014,1653,1308,1648,1181,688
1290189,3019,6,3024,2035,1305,1648,1327,848
1291360,3020,6,3024,1652,1272,1648,1253,1028
1292059,3019,6,3024,2087,1258,1647,1357,943
1292736,3018,7,3024,1653,1200,1648,1269,952
1293434,7,7,3025,1716,1387,1925,1456,990
1294262,7,7,3024,1652,1312,1648,1322,1151
1294958,7,6,3023,1654,1313,2031,1533,1037
1295635,7,7,3023,1652,1255,1648,1428,1139
1296333,7,6,3025,1656,1275,2074,1531,1068
1297011,6,7,3023,1650,1219,1648,1494,1081
1297708,7,6,3021,1656,1247,2102,1642,1072
1298384,7,1208,3025,1528,1655,1648,1482,1269
1299082,7,2932,3028,1352,1655,1964,1514,1301
1299896,7,3017,3025,1324,1656,1649,1489,1258
1300593,7,3017,3026,1262,1653,2047,1473,1156
1301270,7,3019,3025,1288,1655,1648,1327,1098
1302014,8,3020,3025,1260,1655,1648,1400,1085
1302766,7,3020,3025,1250,1655,1648,1432,1173
1303464,7,3018,3028,1195,1654,2114,1476,1230
1304392,7,3018,8,1327,1654,1735,1438,1135
1305231,7,3019,7,1365,1981,1647,1380,1078
1305934,7,3018,7,1279,1653,1649,1278,1019
1306703,7,3019,7,1250,1653,1649,1373,949
1307518,7,3020,7,1262,2087,1649,1277,1097
1308303,7,3019,7,1260,2090,1648,1301,986
1309106,7,3020,7,1245,2100,1599,1224,943
1309978,2879,3020,7,1654,1653,1346,1075,985
1310925,3017,3020,7,1654,1655,1284,1050,871
1311802,3018,3021,7,1653,2039,1296,1043,881
1312672,3020,3020,8,1654,1653,1225,962,807
1313428,3018,3019,8,1653,1653,1200,912,738
1314105,3018,3020,7,1650,2111,1231,905,683
1314806,3019,3021,7,1654,2042,1246,1024,654
1315483,3018,7,7,1652,1666,1378,995,693
1316346,3019,6,8,2004,1655,1278,1080,770
1317025,3018,7,6,1653,1655,1289,982,842
1317723,3018,6,9,2069,1654,1219,930,771
1318398,3018,7,6,1653,1656,1252,899,706
1319096,3019,6,8,2102,1654,1188,880,666
1319772,3018,7,6,1653,1656,1224,884,638
1320470,3019,6,2076,1924,1448,1648,1115,623
1321146,3018,6,2979,1653,1333,1647,1291,716
1321929,3018,7,3020,1652,1286,1649,1380,815
1322631,3019,7,3025,2050,1293,1648,1421,897
1323388,3019,6,3026,2076,1271,1647,1371,1092
1324065,3018,7,3023,1652,1214,1648,1274,1169
1324762,3019,6,3025,2109,1266,1735,1266,1164
1325439,7,7,3023,1684,1377,1648,1227,1015
1326218,7,7,3023,1652,1317,1648,1211,949
1326917,7,6,3025,1654,1312,2032,1551,915
1327593,7,7,3024,1652,1253,1648,1442,1156
1328292,7,6,3025,1655,1274,2075,1611,1087
1328967,7,6,3024,1650,1217,1648,1470,1196
1329666,7,6,3025,1658,1245,2106,1638,1119
1330343,7,2002,3025,1468,1655,1648,1409,1224
1331040,7,2969,3026,1349,1653,1968,1550,1105
1331860,7,3018,3025,1326,1656,1649,1440,1112
1332556,7,3017,3028,1263,1655,2047,1451,1135
1333233,7,3019,3025,1285,1655,1648,1315,1156
1333931,7,3018,3028,1224,1654,2084,1479,1107
1334608,7,3020,3025,1255,1654,1648,1327,1223
1335305,7,3018,3026,1195,1653,2114,1428,1069
1335982,7,3018,7,1333,1824,1780,1362,1114
1336760,7,3018,7,1376,1969,1648,1269,1036
1337459,7,3018,7,1289,1654,1649,1228,1098
1338136,7,3020,7,1301,2051,1648,1279,993
1338839,8,3018,7,1233,1653,1649,1229,937
1339611,7,3018,7,1218,1653,1650,1284,989
1340390,7,3018,7,1206,1654,1650,1236,941
1341229,2072,3020,7,1653,1899,1417,1190,920
1342048,2996,3021,7,1653,1991,1338,1061,962
1343024,3017,3021,7,1652,2025,1306,985,857
1343816,3017,3021,7,1652,2054,1283,1012,775
1344610,3018,3020,7,1650,2079,1262,1081,747
1345472,3020,3020,6,1654,1653,1195,971,761
1346150,3018,3021,7,1650,2122,1221,932,727
1346849,3018,7,7,1811,1809,1323,931,691
1347688,3018,7,7,1653,1656,1340,936,676
1348420,3019,7,6,1653,1656,1284,914,667
1349137,3019,6,8,2069,1654,1219,902,658
1349814,3018,8,6,1653,1656,1260,1028,642
1350512,3019,6,9,2097,1654,1191,1014,688
1351188,3019,7,6,1652,1658,1227,948,777
1351888,3019,4,1987,1931,1460,1647,1211,793
1352565,3018,7,2974,1653,1340,1648,1341,840
1353343,3018,7,3020,1654,1289,1648,1263,1032
1354044,3019,6,3024,2052,1293,1648,1223,949
1354720,3018,7,3023,1653,1229,1648,1277,925
1355417,3019,6,3024,2092,1255,1647,1228,1045
1356093,3018,7,3023,1653,1197,1647,1205,1040
1356792,7,6,3025,1699,1391,1931,1293,960
1357606,6,7,3023,1653,1305,1648,1236,1004
1358304,7,7,3025,1655,1308,2037,1424,956
1358985,7,7,3024,1652,1252,1650,1374,1053
1359741,7,7,3023,1653,1228,1649,1280,1006
1360439,7,6,3025,1654,1257,2094,1539,1017
1361115,7,7,3024,1652,1200,1648,1432,1065
1361814,6,2548,3026,1404,1654,1921,1543,1181
1362660,7,3009,3024,1356,1654,1648,1435,1145
1363363,7,3015,3028,1286,1653,2024,1582,1081
1364120,7,3018,3028,1256,1653,2053,1523,1112
1364796,7,3019,3025,1280,1655,1648,1354,1098
1365494,7,3018,3026,1218,1654,2090,1428,1091
1366171,7,3019,3025,1247,1655,1647,1307,1050
1366868,7,3018,3028,1188,1653,2008,1444,1048
1367545,8,3019,7,1378,1918,1664,1459,1177
1368408,7,3018,8,1311,1653,1649,1316,1105
1369085,7,3019,7,1312,2036,1648,1247,1006
1369784,8,3018,7,1244,1653,1649,1217,1007
1370465,7,3020,6,1272,2081,1648,1200,951
1371246,6,3020,7,1258,2095,1648,1196,904
1372055,7,3020,7,1251,2069,1575,1158,956
1372838,2870,3020,7,1652,1936,1384,1205,890
1373894,3015,3020,7,1654,1654,1284,1114,952
1374728,3018,3020,7,1652,2051,1286,998,947
1375526,3017,3021,7,1652,2072,1268,938,819
1376397,3019,3020,7,1653,1654,1205,909,733
1377242,3018,3020,7,1652,2111,1229,903,684
1377937,3018,6,8,1847,1752,1340,919,660
1378863,3018,6,9,1990,1654,1291,979,650
1379538,3018,7,6,1650,1655,1294,937,669
1380236,3019,6,8,2067,1656,1222,912,659
1380913,3018,7,6,1652,1656,1255,1030,650
1381639,3018,6,8,2101,1654,1242,940,760
1382383,3018,6,8,2112,1654,1180,970,705
1383155,3017,7,2848,1652,1362,1649,1086,764
1384018,3018,6,3019,1993,1339,1648,1208,772
1384773,3018,6,3024,2031,1306,1648,1195,901
1385449,3018,7,3023,1652,1239,1648,1268,890
1386147,3019,6,3025,2085,1261,1648,1222,887
1386824,3018,7,3023,1652,1203,1649,1282,894
1387521,7,6,3025,1763,1376,1894,1388,893
1388360,7,7,3024,1653,1323,1648,1283,941
1389059,7,6,3025,1654,1317,2026,1507,913
1389736,7,7,3024,1652,1256,1648,1488,1000
1390436,7,6,3025,1655,1275,2074,1490,1167
1391112,7,7,3023,1650,1219,1649,1479,1111
1391799,7,6,3025,1656,1247,2101,1709,1218
1392462,7,1881,3025,1470,1655,1648,1443,1231
1393143,7,2959,3028,1354,1654,1962,1567,1124
1393947,7,3017,3025,1328,1656,1648,1369,1128
1394631,7,3017,3026,1266,1653,2043,1488,1183
1395293,7,3019,3025,1286,1655,1648,1405,1119
1395975,7,3018,3026,1228,1654,2081,1525,1050
1396637,7,3019,3025,1256,1654,1648,1350,1141
1397318,7,3018,3026,1196,1653,2113,1581,1115
1397981,7,3019,7,1349,1846,1748,1493,1197
1398743,7,3019,7,1374,1969,1648,1477,1271
1399426,6,3018,7,1294,1654,1649,1328,1157
1400088,7,3019,7,1302,2046,1648,1256,1037
1400771,7,3019,7,1239,1653,1649,1222,948
1401495,7,3020,7,1266,2086,1647,1344,914
1402170,7,3020,7,1240,2111,1648,1264,1067
1402877,7,3018,7,1654,1653,1439,1134,1043
1403651,2932,3020,7,1654,1653,1328,1028,931
1404661,3017,3021,7,1650,2023,1310,1111,825
1405445,3017,3021,7,1652,2052,1284,996,811
1406237,3018,3020,7,1652,2072,1269,938,754
1407020,3018,3020,6,1652,2089,1250,1039,775
1407809,3018,3020,6,1652,2115,1238,1014,824
1408686,3018,7,8,1924,1655,1350,1119,842
1409781,3019,6,8,2009,1654,1274,997,824
1410604,3018,7,6,1653,1655,1280,1085,769
1411304,3018,6,8,2080,1653,1207,979,774
1412054,3020,2,8,2095,1654,1194,916,728
1412729,3017,7,6,1653,1656,1224,899,681
1413423,3020,6,2505,1881,1438,1648,1046,652
1414261,3018,7,3010,1652,1323,1648,1118,706
1414957,3019,7,3024,2025,1313,1649,1155,755
1415632,3018,7,3023,1653,1249,1648,1312,803
1416329,3019,6,3025,2079,1268,1647,1318,998
1417003,3018,7,3023,1654,1210,1648,1249,958
1417697,3019,6,3025,1947,1318,1797,1280,985
1418371,8,7,3024,1652,1360,1648,1304,1012
1419147,7,7,3024,1653,1308,1648,1246,1098
1419844,7,6,3025,1655,1308,2039,1352,1047
1420518,7,7,3023,1653,1246,1648,1268,997
1421213,7,6,3025,1655,1267,2080,1385,1013
1421951,7,7,3025,1656,1244,2107,1527,992
1422625,7,7,3023,1634,1654,1648,1350,1047
1423320,7,2871,3028,1368,1654,1949,1444,993
1424137,7,3015,3024,1333,1655,1649,1456,1080
1424896,7,3019,3024,1307,1655,1648,1316,1195
1425592,7,3018,3026,1245,1654,2064,1471,1126
1426285,7,3019,3025,1272,1654,1648,1401,1229
1426981,6,3018,3026,1214,1654,2097,1601,1175
1427655,7,3019,3025,1240,1656,1648,1460,1167
1428351,7,3018,7,1336,1653,1704,1340,1240
1429182,7,3019,7,1357,1991,1649,1266,1227
1429877,7,3018,7,1278,1654,1649,1222,1048
1430552,7,3020,7,1294,2058,1649,1345,970
1431248,7,3018,7,1228,1653,1650,1404,1096
1431919,6,3018,6,1258,2095,1648,1293,1042
1432615,7,3018,7,1195,1654,1652,1236,1042
1433291,2269,3021,6,1652,1899,1418,1256,975
1433986,2982,3020,7,1654,1654,1313,1155,1061
1434810,3017,3020,7,1652,2031,1302,1167,1014
1435594,3018,3021,7,1652,2051,1285,1025,927
1436386,3018,3021,7,1652,2073,1266,1090,830
1437167,3018,3023,6,1652,2092,1245,971,805
1437959,3018,3021,6,1652,2112,1250,918,741
1438741,3018,7,7,1653,1664,1388,1090,691
1439693,3018,7,6,1650,1655,1319,1001,739
1440503,3018,7,6,1654,1656,1293,1090,794
1441422,3018,7,6,1652,1655,1266,1054,788
1442114,3019,6,8,2091,1654,1196,958,771
1442791,3018,7,6,1653,1658,1225,925,726
1443735,3018,7,2804,1653,1385,1648,1205,683
1444611,3019,6,3019,1989,1344,1649,1271,851
1445367,3019,6,3024,2040,1301,1648,1366,940
1446044,3018,7,3023,1653,1236,1649,1277,953
1446740,3019,6,3024,2090,1258,1648,1231,990
1447414,3018,7,3021,1653,1200,1648,1210,1014
1448109,7,6,3024,1704,1394,1924,1366,941
1448943,7,7,3023,1653,1312,1648,1350,1023
1449638,7,6,3025,1655,1312,2029,1401,1053
1450312,7,7,3023,1652,1251,1648,1434,1096
1451007,7,6,3025,1656,1273,2076,1461,1194
1451734,7,7,3023,1656,1278,2073,1477,1113
1452408,7,6,3024,1644,1654,1648,1327,1156
1453104,7,2864,3026,1371,1653,1945,1354,1113
1453923,6,3015,3026,1343,1656,1648,1339,1172
1454618,7,3017,3026,1274,1654,2035,1396,1048
1455292,7,3019,3025,1294,1655,1648,1288,1159
1455988,6,3018,3026,1229,1654,2079,1463,1021
1456662,7,3020,3025,1261,1654,1648,1463,1172
1457358,7,3017,3028,1197,1653,2112,1489,1242
1458032,7,3018,7,1319,1796,1814,1474,1291
1458808,7,3019,7,1384,1959,1648,1396,1308
1459507,7,3018,8,1295,1653,1649,1291,1139
1460267,7,3018,7,1258,1653,1650,1308,1084
1460940,7,3019,7,1280,2073,1649,1391,995
1461638,7,3019,7,1213,1654,1652,1290,987
1462312,7,3019,7,1244,2111,1648,1239,1012
1463006,2069,3020,7,1653,1653,1394,1181,957
1463681,2976,3021,7,1650,1974,1352,1201,905
1464464,3015,3021,7,1652,2018,1312,1051,957
1465220,3017,3021,6,1652,2056,1283,1043,854
1465916,3019,3020,8,1654,1653,1213,1031,866
1466595,3018,3021,6,1652,2096,1245,1085,796
1467372,3019,3021,6,1652,2113,1228,987,854
1468147,3018,7,7,1652,1717,1377,980,841
1469024,3019,7,8,1982,1655,1299,1079,761
1469861,3019,7,6,1653,1656,1294,990,837
1470654,3018,7,6,1653,1656,1277,1012,768
1471437,3018,7,6,1652,1656,1256,1013,742
1472227,3018,7,7,1652,1658,1234,1025,802
1473112,3018,6,2244,1879,1454,1648,1109,760
1473942,3018,7,3004,1653,1329,1648,1153,785
1474878,3018,7,3023,1653,1277,1648,1242,811
1475638,3018,7,3021,1653,1238,1648,1217,835
1476333,3019,6,3024,2090,1257,1648,1344,862
1477007,3018,7,3024,2017,1278,1648,1267,1043
1477702,7,6,3025,1655,1398,1941,1396,1029
1478524,7,7,3024,1652,1305,1649,1434,1006
1479222,7,6,3025,1655,1307,2036,1663,1010
1479896,7,7,3023,1652,1250,1648,1417,1111
1480592,8,6,3025,1656,1271,2079,1452,1052
1481266,7,7,3023,1652,1211,1648,1321,1041
1482022,7,1581,3025,1493,1654,1648,1323,1050
1482717,7,2948,3026,1356,1653,1959,1357,984
1483534,7,3018,3025,1334,1655,1647,1412,1108
1484231,7,3017,3028,1267,1654,2041,1510,1052
1484911,7,3019,3025,1288,1655,1647,1484,1208
1485661,7,3020,3025,1264,1655,1648,1329,1268
1486356,7,3018,3026,1205,1654,2105,1568,1168
1487029,8,3020,3025,1234,1655,1648,1446,1218
1487724,7,3018,8,1334,1654,1714,1341,1122
1488561,7,3019,7,1357,1990,1648,1260,1030
1489258,8,3018,7,1275,1653,1652,1366,1091
1489933,7,3019,7,1291,2061,1649,1351,1025
1490627,8,3018,7,1223,1652,1650,1343,1054
1491300,7,3019,7,1253,2101,1648,1404,1065
1492041,7,3020,6,1652,1971,1483,1362,1166
1492735,2870,3020,8,1654,1653,1339,1213,1059
1493552,3013,3021,7,1650,2015,1317,1136,964
1494247,3017,3020,7,1654,1654,1245,1064,890
1494920,3018,3021,7,1652,2072,1271,1113,894
1495615,3018,3020,8,1654,1653,1203,990,848
1496289,3018,3021,6,1652,2108,1233,1009,776
1496983,3018,3020,7,1655,2041,1251,1012,814
1497658,3017,7,7,1654,1673,1382,1067,836
1498438,3018,7,7,1654,1656,1326,1064,868
1499223,3019,7,7,1653,1656,1299,982,809
1500012,3018,7,6,1653,1656,1275,929,755
1500792,3018,7,6,1653,1658,1252,1035,699
1501581,3018,6,6,1653,1659,1231,965,787
1502363,3019,7,2592,1653,1409,1648,1224,732
1503336,3018,7,3015,1653,1333,1649,1349,884
1504212,3019,6,3024,2024,1311,1648,1264,1056
1505049,3018,7,3023,1654,1238,1647,1296,962
1505830,3018,7,3023,1653,1219,1648,1238,1073
1506582,7,7,3023,1792,1354,1648,1283,981
1507439,7,6,3025,1655,1365,1976,1494,934
1508114,7,7,3024,1653,1289,1648,1339,1072
1508808,7,6,3025,1655,1297,2051,1402,1001
1509481,7,7,3023,1653,1235,1648,1362,1070
1510246,7,7,3023,1652,1211,1648,1269,1010
1511002,7,140,3024,1617,1654,1649,1228,941
1511719,7,2886,3026,1377,1654,1943,1522,921
1512563,7,3015,3025,1340,1655,1648,1351,1010
1513263,7,3018,3028,1268,1653,2042,1548,1053
1513941,7,3020,3025,1286,1653,1648,1365,1222
1514639,7,3018,3028,1222,1654,2090,1649,1085
1515316,7,3020,3025,1250,1656,1649,1485,1277
1516015,7,3018,3028,1185,1654,2125,1578,1304
1516691,7,3019,8,1366,1893,1694,1398,1214
1517469,7,3019,7,1360,1989,1648,1429,1169
1518168,7,3018,7,1274,1655,1649,1376,1225
1518846,7,3020,7,1289,2064,1648,1280,1091
1519544,7,3018,7,1221,1654,1652,1308,989
1520222,7,3019,7,1251,2103,1648,1246,1020
1520919,8,3018,7,1654,1653,1445,1197,936
1521597,2884,3021,7,1652,1954,1371,1221,974
1522376,3012,3021,7,1652,2008,1323,1063,929
1523075,3018,3020,7,1654,1653,1247,962,838
1523752,3017,3021,7,1652,2072,1271,918,752
1524450,3018,3020,8,1654,1654,1200,896,768
1525127,3017,3021,3,1652,2111,1233,898,691
1525828,3018,3021,7,1653,1653,1227,896,655
1526587,3018,6,8,1923,1672,1343,1058,709
1527419,3018,7,6,1653,1655,1316,986,802
1528119,3019,6,8,2051,1654,1236,1013,744
1528796,3018,7,7,1654,1655,1262,942,733
1529494,3018,6,8,2096,1654,1192,973,700
1530175,3018,7,6,1653,1656,1225,926,765
1530948,3018,7,1605,1652,1477,1648,1061,710
1531722,3018,6,2980,1652,1336,1648,1124,732
1532641,3018,7,3021,1652,1273,1648,1229,844
1533346,3019,4,3024,2067,1279,1648,1205,943
1534122,3019,6,3024,2086,1260,1648,1338,905
1534949,3020,7,3023,2028,1271,1648,1258,1063
1535728,7,7,3023,1652,1365,1647,1219,962
1536677,7,7,3024,1652,1300,1648,1202,996
1537565,7,6,3025,1655,1308,2037,1472,929
1538410,7,7,3023,1652,1240,1647,1466,1131
1539113,7,6,3024,1658,1251,2097,1484,1087
1539791,7,1037,3024,1554,1654,1649,1330,1070
1540489,6,2924,3028,1362,1653,1954,1363,997
1541348,7,3017,3025,1340,1655,1648,1271,1052
1542108,7,3019,3024,1302,1654,1648,1372,1107
1542806,6,3018,3025,1240,1654,2068,1575,1172
1543485,8,3020,3025,1264,1655,1648,1374,1222
1544182,7,3018,3028,1200,1653,2111,1587,1087
1544861,7,3020,7,1280,1758,1873,1600,1256
1545645,6,3019,7,1395,1951,1648,1528,1272
1546415,7,3019,7,1338,2010,1648,1355,1318
1547115,8,3018,7,1258,1654,1650,1268,1202
1547792,7,3019,7,1279,2075,1648,1299,1034
1548490,7,3018,7,1210,1653,1652,1238,1108
1549167,7,3019,7,1240,2114,1648,1211,1007
1549865,2384,3019,7,1654,1654,1373,1153,940
1550562,2990,3021,7,1652,1984,1345,1119,882
1551343,3017,3021,7,1652,2037,1300,1150,913
1552039,3019,3019,7,1654,1653,1229,1013,870
1552718,3018,3021,7,1652,2084,1257,1076,788
1553416,3018,3020,8,1653,1653,1190,971,848
1554093,3018,3021,6,1652,2124,1219,997,835
1554791,3018,7,8,1800,1832,1313,953,769
1555625,3019,7,6,1653,1655,1333,1017,722
1556407,3018,7,6,1653,1655,1302,1102,793
1557101,3019,6,8,2065,1654,1222,993,793
1557778,3018,7,7,1652,1655,1251,930,748
1558476,3018,6,8,2106,1654,1181,887,766
1559155,3018,7,6,1653,1658,1649,1185,688
1559868,3018,7,2891,1921,1402,1648,1328,776
1560732,3018,7,3018,1653,1313,1649,1257,857
1561493,3018,7,3021,1654,1251,1649,1366,940
1562192,3019,6,3024,2081,1267,1647,1274,1087
1562875,3017,7,3023,1653,1207,1648,1306,1054
1563662,7,7,3024,1803,1354,1648,1244,984
1564619,7,7,3024,1653,1330,1647,1212,920
1565410,7,7,3023,1652,1289,1648,1339,905
1566307,7,6,3025,1656,1288,2053,1402,924
1567122,7,7,3024,1650,1212,1648,1291,958
1567920,7,7,3024,1652,1202,1648,1235,1001
1568804,7,2918,3028,1380,1654,1938,1308,946
1569748,7,3015,3026,1313,1653,2002,1510,1070
1570507,6,3018,3026,1267,1654,2047,1633,1214
1571185,7,3020,3024,1283,1655,1648,1405,1267
1571887,6,3018,3028,1213,1653,2096,1459,1122
1572566,7,3020,3025,1242,1654,1648,1390,1076
1573264,7,3017,7,1282,1654,1821,1500,1024
1574091,7,3020,7,1376,1969,1648,1416,1048
1574792,8,3018,8,1289,1654,1649,1299,1024
1575469,7,3019,7,1299,2054,1648,1240,1039
1576167,8,3018,7,1228,1653,1649,1211,1086
1576845,7,3020,7,1257,2097,1648,1196,1052
1577542,8,3018,7,1189,1653,1652,1191,962
1578229,2518,3020,7,1654,1920,1400,1083,985
1579307,3009,3021,7,1652,2069,1274,982,881
1580081,3017,3021,7,1652,2064,1275,1070,854
1580800,3018,3020,7,1653,1654,1223,979,877
1581496,3018,3021,7,1652,2098,1245,1061,778
1582432,3018,3021,7,1652,2123,1218,965,837
1583134,3018,7,8,1879,1725,1344,951,827
1583975,3018,7,7,1653,1654,1328,1080,752
1584674,3019,6,8,2039,1654,1247,965,831
1585353,3018,7,6,1653,1656,1269,1064,749
1586051,3018,6,8,2091,1654,1197,964,824
1586733,3018,7,6,1652,1656,1227,924,748
1587488,3020,7,2159,1653,1426,1649,1202,700
1588187,3019,6,2987,1962,1369,1649,1194,858
1589031,3018,7,3019,1652,1284,1649,1195,860
1589732,3019,6,3024,2057,1288,1648,1262,864
1590411,3017,7,3021,1652,1223,1648,1295,1014
1591108,3019,6,3023,2105,1244,1648,1315,1097
1591793,6,7,3023,1809,1346,1648,1250,1075
1592571,7,7,3023,1652,1339,1648,1362,964
1593268,6,6,3025,1654,1326,2020,1479,960
1593945,7,7,3023,1653,1258,1648,1405,1079
1594647,7,6,3025,1656,1275,2073,1520,1037
1595414,7,6,3025,1656,1253,2097,1588,1062
1596178,7,903,3026,1540,1654,1868,1598,1105
1596937,7,2949,3026,1356,1654,1960,1634,1199
1597874,7,3015,3026,1305,1653,2010,1537,1191
1598717,7,3019,3025,1294,1656,1648,1429,1144
1599681,7,3018,3026,1191,1654,2111,1691,1218
1600467,7,3018,3028,1199,1654,2112,1677,1224
1601358,7,3019,7,1358,1849,1738,1466,1223
1602426,7,3019,7,1363,1985,1649,1398,1199
1603198,7,3019,7,1316,2035,1649,1433,1158
1603897,7,3018,8,1239,1653,1649,1305,1222
1604576,7,3019,7,1262,2091,1648,1241,1202
1605275,8,3018,7,1194,1653,1652,1217,1167
1605952,1831,3020,8,1652,1888,1429,1111,1092
1606655,2963,3020,7,1654,1654,1318,1012,940
1607492,3017,3021,7,1653,2028,1310,967,824
1608237,3018,3021,7,1652,2073,1269,1061,819
1608935,3018,3020,7,1654,1653,1205,1035,788
1609613,3018,3021,7,1653,2108,1235,965,835
1610317,3018,3020,7,1654,2048,1242,986,752
1611077,3018,7,8,1929,1661,1341,963,793
1611854,3018,6,8,1995,1655,1288,998,738
1612530,3018,7,6,1653,1656,1293,1021,720
1613229,3019,6,8,2072,1653,1214,951,794
1613907,3018,7,6,1653,1656,1247,1048,727
1614605,3019,6,8,2112,1654,1174,942,807
1615283,3019,7,2133,1653,1428,1649,1067,737
1615983,3019,6,2987,1960,1369,1648,1126,822
1616801,3017,7,3021,1653,1275,1648,1229,822
1617502,3017,6,3024,2061,1285,1648,1283,858
1618179,3017,7,3023,1653,1222,1648,1233,947
1618877,3019,6,3025,2105,1242,1648,1210,896
1619557,7,7,3023,1818,1346,1647,1339,888
1620337,7,7,3023,1653,1340,1647,1263,1054
1621035,8,6,3025,1656,1324,2021,1355,964
1621713,7,7,3023,1652,1256,1648,1344,956
1622411,7,6,3025,1656,1274,2078,1490,951
1623090,7,7,3023,1652,1208,1648,1406,1006
1623788,7,6,3025,1654,1654,1935,1536,997
1624465,7,2879,3024,1410,1655,1648,1358,1120
1625244,7,3014,3025,1354,1655,1648,1269,1106
1625944,7,3017,3026,1273,1654,2039,1367,1131
1626719,6,3018,3026,1246,1654,2065,1572,1119
1627502,7,3017,3026,1227,1654,2085,1532,1126
1628356,7,3020,3025,1246,1652,1648,1354,1185
1629148,6,3019,8,1380,1887,1687,1355,1059
1630196,7,3018,7,1319,1653,1650,1412,1145
1630977,7,3019,7,1269,1653,1650,1440,1207
1631823,6,3020,7,1280,2069,1647,1451,1251
1632695,7,3018,7,1208,1653,1652,1460,1275
1633374,1429,3020,7,1652,1871,1442,1230,1153
1634073,2942,3020,7,1654,1654,1327,1072,1015
1634998,3017,3020,7,1654,1654,1272,1117,884
1635676,3017,3021,7,1650,2057,1282,1003,912
1636374,3018,3021,7,1653,1654,1210,935,877
1637053,3018,3021,7,1652,2105,1238,990,760
1637750,3018,3020,7,1653,1654,1167,982,731
1638428,3018,7,7,1653,1725,1371,973,713
1639206,3018,7,7,1652,1656,1336,952,700
1639906,3018,6,8,2036,1655,1250,1048,755
1640585,3018,7,6,1653,1656,1272,960,754
1641282,3018,6,8,2090,1656,1197,984,710
1641977,3018,7,6,1653,1656,1222,940,700
1642674,3018,6,1214,2057,1537,1648,1210,680
1643352,3017,7,2941,1653,1350,1649,1201,852
1644132,3018,7,3020,1653,1294,1648,1196,868
1644830,3019,6,3024,2052,1293,1648,1263,937
1645508,3018,7,3024,1653,1224,1648,1368,1046
1646207,3019,6,3025,2102,1245,1648,1278,1003
1646885,7,7,3023,1814,1347,1648,1230,948
1647667,7,7,3023,1652,1343,1647,1207,919
1648432,6,7,3024,1652,1290,1649,1274,894
1649131,7,6,3025,1656,1296,2052,1449,892
1649810,7,7,3023,1652,1230,1648,1390,967
1650508,7,6,3025,1658,1252,2100,1448,976
1651187,7,1227,3024,1529,1654,1648,1457,1079
1651887,7,2935,3029,1358,1653,1957,1638,1196
1652729,7,3017,3025,1341,1656,1648,1549,1328
1653430,7,3017,3026,1266,1653,2045,1501,1354
1654109,7,3019,3025,1285,1655,1648,1340,1206
1654808,7,3017,3026,1217,1654,2094,1499,1141
1655488,7,3020,3025,1242,1655,1648,1416,1175
1656185,8,3017,7,1305,1653,1769,1344,1086
1657006,7,3018,7,1366,1980,1648,1334,1008
1657711,7,3018,7,1282,1654,1650,1334,1112
1658483,7,3019,7,1247,1654,1650,1399,1091
1659251,8,3018,7,1222,1653,1652,1289,1037
1660010,8,3019,7,1195,1654,1650,1308,1040
1660712,1702,3020,8,1652,1875,1439,1233,974
1661501,2984,3020,7,1652,1965,1361,1090,935
1662460,3017,3021,7,1652,2023,1310,1002,860
1663246,3017,3020,8,1652,2058,1280,1086,852
1664034,3018,3021,6,1652,2089,1250,1115,815
1664923,3018,3020,8,1653,1653,1188,980,809
1665839,3018,6,8,1910,1665,1357,964,822
1666677,3017,7,7,1653,1656,1326,1014,746
1667424,3019,7,6,1653,1655,1278,951,804
1668134,3019,6,8,2075,1654,1210,914,731
1668892,3019,6,8,2100,1654,1186,957,691
1669570,3018,7,6,1653,1656,1214,915,680
1670268,3019,7,2746,1904,1420,1648,1128,658
1671112,3018,7,3017,1653,1307,1648,1158,811
1671814,3019,6,3024,2045,1300,1648,1244,822
1672492,3015,7,3023,1653,1231,1649,1212,841
1673190,3018,6,3025,2097,1250,1649,1274,859
1673867,7,7,3023,1854,1336,1648,1227,875
1674645,7,7,3023,1652,1351,1648,1347,882
1675345,7,6,3025,1655,1333,2013,1468,1054
1676022,7,7,3023,1652,1263,1648,1326,1120
1676738,7,6,3025,1656,1279,2073,1483,1095
1677417,7,7,3024,1652,1218,1648,1474,1076
1678114,7,6,3025,1623,1654,1915,1490,1063
1678792,7,2892,3024,1406,1655,1647,1405,1065
1679571,7,3014,3025,1354,1655,1648,1434,1026
1680269,7,3017,3026,1278,1654,2035,1659,1021
1680949,7,3019,3021,1291,1655,1648,1415,1255
1681647,6,3018,3028,1223,1654,2087,1603,1119
1682326,7,3019,3026,1247,1654,1648,1388,1208
1683023,7,3018,3028,1180,1654,1963,1540,1087
1683702,7,3019,8,1382,1923,1660,1365,1097
1684481,7,3020,7,1352,1995,1648,1275,1023
1685180,7,3018,8,1267,1654,1649,1305,954
1685858,7,3019,7,1283,2073,1648,1246,934
1686556,8,3017,7,1211,1653,1650,1358,920
1687235,7,3019,7,1235,2117,1642,1340,1076
1687936,2639,3019,7,1653,1654,1361,1142,1002
1688778,3009,3021,7,1652,1998,1333,1030,912
1689477,3018,3020,7,1653,1654,1251,1085,815
1690171,3017,3020,7,1652,2072,1271,978,798
1691046,3019,3020,8,1654,1653,1202,923,739
