Time (us),Signal 0,Signal 1,Signal 2,Signal 3,Signal 4,Signal 5,Signal 6,Signal 7
1477,7,3021,3025,1439,1653,1648,1122,0
2853,7,3020,3026,1264,1653,1647,1153,799
3920,2,3019,3025,1275,1655,1648,1170,891
4966,6,3020,3028,1255,1653,2030,1388,865
6017,7,3019,3028,1225,1653,2053,1431,1065
7061,7,3021,3026,1190,1652,2085,1540,1039
8117,7,3021,3026,1214,1654,1648,1505,1142
9166,6,3019,3028,1225,1654,2050,1627,1106
10217,7,3019,3026,1206,1653,2069,1550,1142
11324,7,3020,3028,1653,1653,2050,1511,1124
12499,6,3021,3026,1223,1653,1647,1345,1098
13562,6,3019,3026,1244,1654,1648,1340,1094
14606,7,3020,3028,1266,1656,1642,1261,1017
15644,7,3019,3029,1229,1653,2051,1368,1018
16692,7,3021,3026,1188,1653,2090,1368,1037
17817,7,3019,3029,1230,1653,2048,1449,1037
18950,7,3019,3028,1272,1655,1647,1316,1173
19994,6,3019,3028,1245,1653,2037,1536,1040
21029,7,3019,3026,1206,1652,2072,1514,1141
22062,7,3021,3026,1207,1654,1829,1550,1109
23096,7,3019,3025,1275,1655,1647,1363,1250
24186,6,3020,3026,1272,1654,1647,1273,1174
25226,7,3019,3028,1250,1653,2031,1506,1021
26263,6,3019,3026,1213,1652,2065,1632,1050
27302,7,3021,3026,1191,1653,2105,1643,1118
28372,6,3020,3026,1238,1653,1647,1410,1151
29559,6,3020,3028,1223,1653,2053,1512,1146
30752,6,3021,3026,1219,1653,1648,1485,1109
31957,7,3020,3029,1246,1653,2034,1609,1085
33197,6,3021,3028,1212,1655,1648,1396,1261
34444,7,3020,3026,1283,1654,1648,1365,1120
35542,7,3020,3025,1279,1655,1647,1344,1039
36601,6,3019,3028,1264,1655,1644,1401,986
37672,7,3019,3028,1234,1653,2043,1505,987
38940,7,3020,3026,1164,1652,2097,1505,1175
40061,7,3021,3028,1233,1653,2048,1627,1197
41109,7,3020,3026,1205,1653,2075,1695,1186
42156,7,3021,3026,1202,1654,2114,1608,1210
43208,7,3021,3026,1233,1654,1647,1537,1258
44247,6,3020,3028,1264,1656,1645,1358,1178
45287,7,3019,3028,1233,1653,2050,1628,1135
46323,7,3021,3026,1188,1653,2086,1560,1295
47360,6,3021,3026,1230,1653,1647,1367,1203
48424,7,3019,3028,1262,1654,1647,1275,1152
49464,7,3019,3028,1253,1656,2029,1366,1090
50502,7,3018,3028,1218,1653,2063,1498,1097
51574,6,3021,3026,1206,1653,2072,1490,1085
52613,7,3021,3026,1201,1654,2113,1652,1148
53649,7,3020,3026,1260,1654,1647,1483,1175
54694,7,3019,3028,1246,1653,2035,1611,1111
55837,7,3019,3026,1245,1654,1648,1396,1275
56945,7,3021,3026,1202,1654,2114,1531,1128
58025,6,3020,3026,1252,1653,1647,1357,1109
59124,6,3021,3026,1227,1654,1645,1341,1098
60204,7,3021,3026,1216,1653,1648,1263,1159
61243,7,3020,3026,1274,1653,1647,1227,1090
62281,7,3020,3028,1242,1653,2040,1344,1058
63324,7,3021,3026,1211,1652,2070,1418,997
64370,7,3020,3025,1196,1653,2106,1608,1000
65447,7,3021,3026,1201,1653,2115,1566,1221
66484,6,3020,3026,1252,1653,1648,1369,1169
67518,7,3020,3028,1252,1653,2031,1560,1061
68553,7,3019,3026,1219,1653,2064,1517,1092
69593,7,3020,3026,1192,1653,2103,1731,1087
70627,6,3019,3026,1252,1653,1645,1593,1177
71659,7,3019,3028,1249,1653,2035,1598,1297
72696,7,3019,3026,1212,1652,2069,1536,1294
73730,6,3021,3026,1201,1654,2114,1744,1267
74763,7,3020,3026,1268,1653,1648,1456,1409
75796,6,3019,3028,1242,1652,2041,1456,1212
76828,7,3020,3026,1200,1652,2081,1615,1263
77862,6,3021,3025,1218,1653,1648,1398,1352
78962,7,3021,3026,1177,1653,2100,1526,1238
80046,7,3020,3025,1194,1652,2085,1507,1162
81089,7,3021,3026,1214,1654,1647,1345,1114
82124,7,3019,3026,1275,1653,1647,1262,1101
83161,7,3019,3028,1240,1654,2042,1362,982
84228,7,3021,3025,1201,1652,2056,1420,968
85265,7,3020,3025,1190,1654,2089,1673,1062
86298,7,3021,3026,1233,1654,1647,1567,1278
87332,7,3020,3028,1262,1655,1656,1516,1339
88409,7,3021,3026,1094,1654,2052,1490,1345
89469,7,3019,3029,1221,1653,2059,1484,1197
90424,3,3019,3026,1210,1652,2079,1485,1200
91148,6,3020,3026,1286,1655,2020,1463,1123
91868,7,3019,3028,1225,1653,2083,1476,1156
92587,7,3021,3028,1286,1655,2019,1463,1100
93321,7,3019,3029,1236,1654,2069,1472,1142
94048,7,3021,3028,1251,1654,1647,1324,1236
94780,7,3019,3028,1249,1653,2058,1616,1150
95503,7,3020,3026,1223,1653,1647,1467,1297
96223,7,3019,3028,1260,1652,2047,1681,1306
96941,7,3020,3026,1219,1654,1647,1426,1398
97660,7,3019,3028,1262,1653,2043,1516,1196
98380,7,3020,3025,1225,1653,1647,1493,1280
99101,7,3020,3026,1282,1654,2026,1686,1306
99847,7,3019,3029,1236,1653,2072,1656,1264
100579,7,3020,3026,1246,1654,1647,1412,1373
101300,7,3018,3028,1250,1653,2057,1445,1255
102019,7,3020,3026,1235,1654,1648,1316,1135
102749,7,3019,3028,1257,1653,2047,1394,1026
103469,7,3017,3026,1219,1654,1647,1286,1003
104188,7,3019,3028,1261,1653,2045,1525,1090
104908,7,3019,3026,1213,1654,1647,1351,1092
105628,6,3019,3028,1264,1653,1915,1358,1092
106351,7,3020,7,1328,1946,1647,1273,1020
107189,7,3019,7,1277,1650,1647,1225,1018
107925,7,3020,7,1253,2042,1648,1277,958
108682,7,3020,7,1273,1654,1647,1305,1062
109406,7,3020,7,1245,2040,1648,1388,1054
110126,7,3019,7,1268,1653,1648,1286,1153
110845,7,3019,7,1240,2039,1647,1311,1091
111565,7,3019,7,1272,1653,1648,1242,1003
112284,7,3020,7,1239,2036,1647,1355,958
113003,7,3019,7,1274,1653,1647,1266,1092
113723,7,3020,7,1235,2035,1648,1296,981
114441,7,3020,7,1272,1653,1648,1240,938
115162,7,3020,7,1225,2040,1648,1210,971
115887,7,3020,7,1271,1654,1647,1268,929
116607,7,3020,7,1212,2036,1647,1367,903
117345,7,3018,7,1278,2095,1648,1274,1073
118187,6,3020,7,1250,2058,1647,1368,1051
119032,7,3020,7,1242,2069,1648,1275,1006
119857,7,3020,7,1234,2052,1649,1233,1019
120630,7,3020,7,1262,2069,1648,1206,1002
121367,7,3019,7,1255,1653,1647,1197,1009
122131,7,3020,7,1224,2026,1647,1190,1008
122895,6,3020,7,1255,2058,1648,1329,930
123770,7,3019,7,1197,2058,1647,1332,1068
124640,8,3020,7,1272,1654,1648,1257,1000
125366,7,3019,7,1212,2035,1645,1224,1004
126088,6,3019,7,1278,1986,1647,1207,946
126807,7,3019,7,1217,2032,1647,1336,981
127528,7,3019,8,1278,2075,1648,1263,1097
128250,7,3019,7,1223,2026,1648,1365,985
128976,7,3020,7,1272,2062,1648,1272,974
129698,8,3019,7,1245,1654,1647,1299,926
130417,7,3020,7,1257,2062,1648,1382,913
131137,8,3019,7,1247,1653,1648,1284,1081
131857,7,3020,7,1256,2061,1648,1305,987
132580,7,3019,8,1249,1653,1647,1383,945
133312,7,3020,7,1234,2047,1648,1358,1100
134034,7,3020,7,1263,1653,1647,1409,1094
134754,7,3020,7,1224,2042,1647,1366,1183
135475,7,3019,7,1268,1653,1647,1271,1207
136196,7,3020,7,1218,2040,1647,1299,1039
136916,7,3019,7,1271,1654,1647,1311,968
137660,7,3019,7,1228,2021,1647,1246,1083
138395,6,3020,7,1263,2067,1648,1213,967
139125,8,3019,7,1250,1653,1647,1196,995
139893,7,3019,7,1224,2025,1648,1194,935
140647,7,3020,7,1238,2051,1648,1334,970
141372,7,3020,7,1262,1654,1645,1328,1087
142093,7,3021,8,1224,2042,1647,1252,1004
142814,7,3019,7,1269,1653,1648,1219,1075
143533,7,3020,7,1219,2039,1647,1344,976
144252,7,3020,7,1272,1653,1648,1402,1098
144970,7,3020,7,1216,2037,1647,1289,1183
145689,7,3019,7,1272,1653,1647,1233,1111
146407,8,3020,7,1217,2037,1648,1282,997
147126,7,3020,7,1271,1653,1648,1229,940
147844,7,3020,7,1216,2037,1648,1350,913
148571,6,3020,7,1277,1654,1647,1267,931
149295,7,3020,7,1214,2030,1647,1297,908
150068,7,3021,7,1246,2054,1648,1241,902
150918,7,3019,7,1227,2019,1648,1289,877
151749,7,3018,8,1247,1653,1647,1239,958
152626,6,3020,7,1288,2086,1647,1210,976
153355,7,3019,7,1236,1643,1647,1197,923
154079,6,3020,7,1264,2069,1649,1195,899
154800,8,3019,8,1242,1652,1647,1188,882
155520,7,3020,7,1256,2063,1649,1189,943
156244,8,3020,7,1246,1653,1645,1184,905
156975,7,3020,7,1236,2052,1648,1184,886
157717,7,3019,7,1262,1654,1648,1188,868
158465,7,3019,7,1235,2015,1647,1186,865
159192,6,3020,7,1269,2072,1648,1258,859
159912,8,3019,8,1241,1654,1647,1365,864
160662,7,3021,7,1227,2048,1647,1415,1052
161404,7,3020,7,1280,2096,1648,1297,1162
162124,7,3019,7,1218,2025,1647,1380,1028
162848,7,3020,7,1286,2086,1648,1282,1136
163576,8,3019,7,1231,1693,1647,1229,1085
164295,7,3020,7,1274,2075,1647,1280,1058
165015,8,3019,7,1238,1648,1647,1306,968
165755,7,3020,7,1240,2056,1648,1316,941
166475,8,3019,8,1255,1653,1647,1245,927
167194,7,3020,8,1234,2053,1649,1357,914
167915,8,3020,7,1257,1653,1648,1266,936
168659,7,3019,7,1208,2032,1647,1294,981
169640,7,3017,7,1227,2021,1648,1378,1081
170433,7,3019,7,1218,2026,1647,1421,1025
171247,7,3019,7,1234,1648,1648,1302,1153
172066,7,3020,7,1240,1653,1648,1240,1097
172992,7,3021,7,1239,2059,1648,1351,995
173892,8,3019,7,1257,1653,1648,1405,969
174791,7,3020,7,1214,2041,1647,1294,1120
175815,7,3020,7,1181,2073,1647,1236,1006
176647,7,3019,7,1228,1652,1649,1352,1068
177465,7,3019,7,1249,1653,1647,1264,1008
178342,2534,3021,7,1653,1973,1362,1245,1084
179318,3012,3023,7,1653,2031,1288,1067,993
180173,3018,3021,7,1653,2023,1225,974,875
181025,3019,3021,7,1654,1654,1264,920,851
181818,3019,3021,7,1655,1653,1261,1040,743
182588,3019,3021,8,1656,1652,1238,965,810
183360,3019,3021,7,1658,2026,1210,991,741
184119,3019,3021,7,1652,2048,1250,996,717
184881,3019,3023,6,1654,2064,1268,1004,783
185724,3018,3021,7,1650,2063,1284,947,820
186548,3018,3021,7,1652,2051,1247,974,738
187359,3019,3023,7,1652,2043,1240,1057,709
188170,3019,3021,7,1653,2039,1253,1030,799
189001,3019,3023,7,1655,2025,1210,948,837
189848,3019,3021,8,1655,1653,1244,924,753
190715,3019,3021,7,1654,1653,1245,890,704
191898,3019,3021,7,1654,2080,1277,886,733
192867,3020,3021,6,1654,2079,1280,1028,680
193793,3020,3021,7,1654,1652,1188,1014,775
194642,3020,3021,7,1654,1653,1256,1083,815
195500,3019,3021,6,1654,2081,1274,1118,866
196387,3021,3021,7,1656,2017,1242,1009,903
197209,3019,3021,7,1656,2019,1213,945,807
198075,3019,3021,8,1655,1654,1229,915,730
198912,3017,3021,7,1653,2083,1278,973,681
199758,3018,3021,7,1650,2056,1264,925,682
200773,3018,3023,7,1652,2048,1264,907,733
201844,3019,3021,8,1653,2048,1252,962,754
203024,3020,3021,7,1653,1978,1257,990,715
204141,3019,3021,8,1654,1653,1236,1059,709
205016,3019,3021,7,1652,1652,1246,1031,802
205856,3019,3021,7,1654,1653,1241,940,838
206856,3020,3021,7,1653,1653,1239,991,744
207596,3019,3021,7,1656,2030,1195,932,720
208323,3018,3021,6,1653,2102,1266,974,686
209053,3020,3021,8,1654,2020,1212,997,684
209775,3019,3023,6,1650,2075,1282,946,769
210497,3019,3020,7,1653,1649,1224,990,786
211217,3019,3021,7,1652,2070,1273,937,743
211938,3019,3020,8,1653,1653,1228,912,769
212659,3019,3021,7,1652,2068,1264,898,699
213379,3019,3021,8,1653,1652,1233,898,663
214099,3018,3021,7,1650,2062,1253,882,642
214819,3019,3021,8,1652,1653,1234,892,625
215539,3018,3023,8,1650,2061,1247,881,621
216257,3019,3021,8,1653,1653,1235,888,686
216978,3018,3021,7,1653,2059,1245,1018,649
217697,3020,3021,8,1652,1652,1240,935,688
218417,3018,3023,7,1652,2053,1224,981,670
219163,3018,3023,7,1653,2103,1267,1067,749
219894,3019,3021,7,1653,2021,1213,971,826
220614,3019,3021,6,1649,2081,1278,930,754
221336,3020,3021,8,1653,1665,1218,979,706
222086,3019,3021,7,1653,2054,1235,941,700
222831,3018,3023,6,1654,2074,1263,979,681
223563,3019,3021,7,1654,2031,1202,996,683
224366,3018,3021,7,1656,2034,1196,930,763
225208,3019,3021,8,1741,1852,1330,1073,705
226063,3019,7,8,1976,1653,1307,1064,804
226979,3019,6,8,2042,1654,1247,958,785
227727,3019,7,7,1652,1653,1255,1051,725
228458,3019,6,8,2128,1653,1173,1020,807
229185,3019,7,6,2029,1653,1271,951,832
229907,3020,6,8,2072,1653,1223,916,749
230629,3018,7,6,1652,1652,1284,902,691
231351,3019,6,8,2059,1654,1233,899,656
232072,3018,7,6,1654,1654,1282,893,647
232798,3019,6,8,2056,1653,1239,970,632
233522,3019,7,6,1652,1653,1261,995,661
234252,3019,7,9,2043,1653,1252,931,684
234979,3018,7,7,1653,1653,1233,919,738
235701,3019,6,8,2034,1654,1261,896,689
236422,3018,7,7,1653,1653,1223,964,663
237164,3019,6,6,2021,1652,1275,924,669
238000,3019,6,6,2020,1653,1275,975,663
238758,3018,7,6,2019,1654,1275,998,748
239480,3019,6,4,2075,1653,1217,945,726
240211,3018,7,7,1649,1654,1286,990,695
240976,3019,7,8,2036,1653,1257,927,695
241833,3019,7,6,1653,1653,1274,902,670
242703,3020,6,8,2067,1654,1230,898,653
243526,3019,6,9,2050,1653,1246,901,709
244369,3021,7,9,2037,1654,1206,958,673
245256,3019,7,6,1652,1653,1250,1050,743
245992,3019,6,8,2035,1653,1258,1032,747
246719,3018,7,7,1652,1654,1212,960,811
247441,3018,6,7,2026,1653,1264,916,811
248164,3019,6,6,2073,1654,1203,964,797
248887,3018,6,6,2023,1653,1271,992,808
249609,3019,6,6,2083,1653,1205,1000,826
250331,3019,7,6,2020,1654,1275,940,768
251052,3019,6,8,2079,1654,1211,981,785
251774,3018,7,6,1708,1654,1279,1003,735
252496,3020,6,8,2073,1654,1219,1012,796
253219,3018,8,6,1654,1654,1275,943,822
253940,3019,6,8,2065,1653,1227,989,746
254661,3018,7,6,1652,1654,1266,1002,791
255384,3020,6,8,2062,1653,1231,948,746
256106,3018,7,6,1652,1653,1250,902,710
256829,3019,7,8,2057,1654,1236,973,672
257560,3019,7,7,1652,1653,1225,932,678
258303,3019,6,8,2043,1654,1239,913,670
259034,3019,6,7,2069,1653,1196,962,653
259756,3019,7,6,2031,1653,1263,914,737
260478,3020,6,2300,1890,1440,1648,1059,760
261200,3018,7,2996,1948,1301,1648,1196,760
262018,3019,6,3023,1997,1256,1648,1189,814
262788,3020,7,3025,2020,1244,1648,1264,836
263531,3019,6,3024,2061,1295,1650,1228,862
264266,3018,7,3024,1653,1250,1648,1205,948
264994,3020,6,3025,2043,1268,1649,1338,908
265715,3019,7,3025,1652,1258,1648,1404,925
266454,3020,7,3025,2028,1235,1649,1295,1098
267174,3018,7,3024,1652,1274,1648,1384,1068
267905,3018,6,3025,2026,1229,1648,1357,1021
268727,3019,6,3024,1653,1238,1647,1271,989
269555,3019,7,3025,1652,1266,1648,1230,1009
270387,3019,6,3024,2074,1289,1650,1279,952
271222,3020,6,3025,2054,1275,1649,1235,919
272064,3020,6,3025,2047,1289,1649,1351,910
272923,3019,6,3025,2023,1245,1647,1264,1068
273669,3020,6,3025,2072,1293,1650,1296,969
274394,3019,7,3024,1737,1231,1648,1238,932
275115,3020,6,3025,2065,1295,1650,1288,892
275836,3018,7,3024,1654,1239,1647,1377,898
276556,3019,6,3026,2064,1286,1649,1282,1073
277276,3018,6,3024,1649,1240,1648,1230,978
277998,3020,6,3025,2063,1277,1648,1349,941
278724,3019,7,3024,2010,1219,1645,1263,1084
279443,3017,6,3024,2087,1284,1647,1301,976
280163,3018,6,3025,2023,1207,1648,1244,1010
280908,3020,6,3025,2064,1278,1648,1355,958
281630,3018,7,3025,1652,1242,1647,1269,956
282351,3019,6,3025,2061,1266,1647,1296,992
283103,3019,7,3025,1653,1268,1647,1242,946
283840,3018,6,3025,2023,1213,1647,1211,903
284560,3019,6,3025,2081,1283,1649,1199,897
285281,3018,7,3025,2020,1219,1648,1194,881
286002,3020,6,3025,2079,1285,1647,1332,945
286723,3018,7,3025,2012,1289,1732,1368,1076
287444,7,7,3025,1653,1380,1974,1459,1089
288252,7,6,3025,1653,1312,2026,1528,1058
288990,7,7,3025,1652,1275,1648,1351,1080
289712,8,7,3025,1653,1261,2031,1550,1155
290439,7,7,3024,1653,1274,1648,1365,1135
291183,7,6,3024,1653,1235,2014,1400,1118
291905,7,6,3025,1654,1293,2072,1517,1195
292624,7,6,3024,1654,1238,2013,1473,1134
293347,7,6,3026,1654,1294,2067,1619,1089
294066,7,6,3025,1653,1241,2008,1597,1267
294795,7,6,3026,1654,1284,2058,1532,1206
295517,7,7,3025,1653,1251,1643,1424,1146
296244,7,6,3026,1653,1267,2048,1594,1074
296966,7,7,3025,1653,1258,1647,1529,1183
297699,4,6,3025,1652,1250,2037,1489,1273
298450,8,7,3025,1655,1291,2076,1706,1162
299188,7,6,3025,1653,1236,2009,1639,1203
299988,7,7,3025,1652,1240,1761,1505,1190
300758,7,7,3024,1653,1216,2021,1472,1131
301507,7,6,3026,1653,1277,2059,1615,1086
302239,7,7,3024,1652,1249,1647,1393,1126
303052,7,7,3025,1653,1260,1647,1290,1050
303878,7,7,3024,1652,1273,1647,1376,1041
304711,7,6,3025,1653,1278,2065,1643,1004
305556,7,7,3026,1650,1229,2062,1557,1101
306400,7,6,3024,1653,1192,2036,1507,1107
307173,7,6,3025,1653,1238,2059,1565,1166
307902,7,7,3024,1652,1260,1648,1368,1286
308665,7,7,3024,1650,1227,2017,1547,1192
309389,7,7,3025,1652,1278,2072,1588,1150
310109,7,7,3024,1652,1234,1643,1521,1142
310828,7,6,3025,1653,1271,2069,1499,1253
311550,7,7,3024,1652,1238,1647,1411,1156
312270,7,6,3026,1642,1653,1890,1449,1213
312989,7,2894,3026,1369,1655,1647,1315,1122
313824,7,3015,3028,1272,1654,1647,1250,1015
314555,7,3018,3026,1305,1656,2000,1481,1013
315278,7,3018,3026,1250,1653,2059,1476,1175
316000,7,3021,3026,1299,1656,2007,1451,1109
316721,7,3019,3028,1249,1654,2057,1461,1144
317443,7,3020,3025,1296,1656,2004,1445,1087
318164,6,3019,3028,1250,1653,2054,1461,1054
318889,7,3020,3026,1255,1655,1648,1319,1120
319809,6,3019,3025,1291,1658,2013,1526,1015
320546,7,3019,3028,1249,1652,2056,1571,1126
321268,7,3020,3026,1277,1655,1643,1373,1269
321991,7,3019,3028,1256,1653,2051,1496,1111
322714,7,3020,3026,1264,1656,1648,1481,1091
323447,6,3019,3028,1266,1652,2040,1544,1072
324210,7,3019,3028,1241,1653,2065,1515,1161
324931,8,3021,3026,1286,1655,2003,1570,1195
325652,7,3019,3028,1244,1650,2059,1525,1161
326375,6,3020,3026,1273,1654,1645,1423,1122
327095,4,3019,3028,1250,1653,2056,1445,1205
327817,7,3021,3026,1262,1654,1648,1455,1111
328538,7,3019,3028,1253,1653,2054,1538,1072
329263,7,3019,3026,1250,1654,1648,1361,1090
329985,6,3019,3028,1261,1653,2047,1631,1091
330716,7,3021,3026,1236,1653,1647,1404,1273
331523,7,3020,3026,1230,1654,1648,1435,1124
332361,8,3020,3029,1233,1653,2073,1608,1208
333195,7,3019,3028,1256,1653,2047,1752,1185
334027,7,3019,3026,1274,1653,2030,1738,1233
334885,7,3021,3026,1258,1653,1647,1601,1389
335747,7,3018,3026,1206,1653,2100,1771,1267
336521,7,3021,3025,1216,1655,1647,1470,1420
337254,7,3020,3026,1278,1655,2029,1672,1368
338005,7,3019,3028,1222,1654,1927,1593,1426
338737,7,3019,7,1358,1941,1647,1454,1352
339556,7,3019,8,1272,1989,1647,1315,1184
340292,6,3019,7,1307,2061,1647,1246,1043
341052,8,3020,7,1279,1653,1648,1217,947
341779,7,3020,8,1246,2028,1647,1205,986
342500,7,3020,7,1282,1654,1648,1195,927
343223,7,3020,7,1234,2024,1647,1263,901
343967,6,3020,7,1297,2067,1648,1224,885
344701,8,3020,8,1255,1653,1648,1275,893
345423,7,3020,7,1271,2050,1649,1234,1032
346145,8,3019,7,1261,1653,1647,1285,963
346866,7,3020,7,1261,2045,1648,1239,930
347587,7,3020,8,1263,1652,1648,1213,893
348309,7,3020,7,1250,2042,1648,1277,888
349033,7,3019,7,1269,1653,1647,1224,888
349753,7,3020,7,1236,2037,1648,1208,897
350473,7,3020,7,1271,1653,1648,1343,957
351193,7,3020,7,1230,2036,1648,1262,949
351914,7,3019,6,1274,1653,1647,1294,908
352633,7,3020,7,1219,2034,1647,1240,902
353355,7,3020,7,1275,1653,1648,1284,876
354076,6,3019,8,1210,2031,1648,1235,1028
354796,7,3020,7,1278,1652,1647,1355,962
355516,7,3019,7,1212,2030,1648,1338,958
356236,6,3019,7,1279,2065,1648,1335,945
356955,7,3019,7,1213,2030,1648,1261,943
357676,6,3019,7,1280,2097,1648,1219,978
358397,7,3019,7,1234,2015,1649,1200,936
359119,1434,3020,8,1650,1884,1444,1111,908
359841,2959,3020,8,1654,1643,1310,1009,852
360652,3017,3021,8,1653,1654,1275,945,786
361382,3017,3021,7,1650,2028,1272,982,730
362106,3019,3021,7,1653,1653,1267,1004,709
362848,3019,3023,7,1652,2021,1235,952,782
363646,3018,3021,8,1652,2025,1238,974,721
364460,3018,3021,7,1653,2025,1234,935,775
365191,3018,3023,7,1650,2058,1293,915,714
365940,3019,3021,8,1654,1652,1252,1030,681
366759,3019,3021,8,1653,1653,1264,1020,710
367602,3019,3021,6,1652,2053,1279,1028,715
368405,3019,3021,8,1653,1653,1279,954,793
369266,3018,3021,6,1650,2067,1293,1002,727
370180,3019,3021,8,1653,1653,1266,1076,720
370917,3019,3021,7,1658,2020,1206,969,815
371642,3018,3021,7,1653,2080,1282,1000,753
372364,3019,3021,7,1654,2015,1216,945,802
373085,3018,3021,7,1650,2076,1283,1061,731
373805,3019,3021,8,1653,2017,1218,1040,813
374527,3018,3023,6,1649,2074,1285,1040,772
375247,3019,3021,8,1653,1647,1223,1031,826
375968,3018,3021,7,1652,2073,1278,1031,848
376688,3019,3021,8,1653,1653,1225,1029,791
377414,3019,3023,7,1652,2068,1257,1090,758
378162,3019,3023,8,1653,1652,1233,992,838
378896,3019,3021,8,1653,1652,1234,1063,837
379623,3019,3021,6,1652,1914,1322,1063,868
380348,3019,6,8,1940,1653,1339,1069,884
381161,3020,7,8,1990,1653,1299,1059,818
381895,3019,6,6,1980,1653,1239,1097,788
382617,3019,6,6,2007,1652,1286,1062,855
383337,3019,6,7,2064,1653,1224,975,880
384066,3018,7,6,2009,1654,1286,1074,848
384827,3020,7,8,2030,1654,1264,1046,809
385569,3018,7,6,1653,1654,1244,949,778
386305,3019,7,6,1675,1653,1293,923,792
387028,3019,6,8,2057,1655,1238,984,715
387751,3018,7,6,1653,1653,1286,1076,702
388471,3019,6,8,2057,1652,1233,1056,739
389194,3019,7,6,1648,1654,1293,1115,815
389915,3019,6,9,2059,1654,1231,1075,808
390640,3019,7,6,1653,1653,1282,1054,857
391384,3018,6,9,2035,1653,1258,1102,874
392107,3018,7,6,1653,1653,1229,995,899
392828,3019,6,8,2032,1654,1263,930,800
393549,3018,7,6,1653,1653,1218,904,721
394284,3019,6,7,2026,1653,1268,890,672
395098,3019,6,7,2025,1653,1273,1026,649
395932,3019,7,6,1653,1654,1244,1010,760
396760,3019,7,7,1653,1653,1211,940,736
397577,3019,6,7,1971,1653,1195,898,694
398432,3020,6,9,2095,1655,1208,959,656
399279,3020,6,985,1995,1549,1647,1217,739
400040,3019,6,2962,1964,1378,1649,1202,885
400893,3020,6,3023,2003,1313,1649,1197,885
401637,3019,7,3024,1652,1294,1647,1332,948
402358,3020,6,3024,2013,1249,1648,1258,1079
403079,3019,7,3024,1653,1286,1647,1222,1048
403798,3019,7,3025,2018,1239,1647,1205,962
404526,3018,6,3024,1652,1286,1648,1335,920
405279,3018,7,3024,1652,1256,1647,1256,929
406003,3020,6,3025,2041,1272,1649,1295,897
406726,3019,7,3025,1653,1262,1647,1241,903
407454,3020,7,3025,2034,1249,1648,1285,975
408177,3019,7,3024,1652,1272,1647,1305,1078
408901,3019,6,3026,2028,1233,1648,1246,990
409620,3018,7,3025,1653,1275,1647,1286,949
410386,3019,7,3025,1652,1249,1647,1374,1064
411107,3019,6,3025,2052,1267,1647,1417,1153
411829,3018,7,3024,1652,1251,1647,1442,1213
412548,3019,6,3025,2051,1256,1647,1307,1251
413269,3019,7,3025,1653,1252,1647,1316,1218
413988,3020,7,3025,2051,1249,1648,1389,1207
414709,3019,7,3024,1653,1252,1648,1428,1228
415429,7,7,3026,1663,1369,1931,1398,1255
416235,7,7,3026,1652,1301,1990,1622,1114
416965,7,7,3025,1653,1304,1648,1399,1282
417686,7,7,3024,1652,1247,2009,1413,1126
418407,7,7,3024,1653,1327,2020,1645,1136
419130,7,7,3025,1652,1272,1644,1554,1305
419850,7,6,3025,1653,1289,2040,1647,1207
420570,7,7,3024,1650,1262,1648,1407,1199
421291,7,7,3026,1652,1279,2042,1432,1090
422010,7,7,3024,1652,1263,1647,1304,1048
422730,7,6,3026,1653,1272,2042,1382,1051
423450,6,7,3024,1652,1261,1647,1282,1010
424169,7,7,3026,1652,1267,2043,1449,948
424907,7,7,3024,1652,1269,1648,1454,1061
425714,7,7,3025,1652,1275,1647,1316,1184
426521,7,7,3024,1652,1280,1648,1326,1189
427287,7,7,3024,1652,1240,1695,1406,1123
428018,7,6,3026,1653,1241,2041,1576,1057
428743,7,7,3024,1652,1263,1648,1373,1097
429477,7,6,3026,1653,1238,2040,1565,1026
430290,7,7,3025,1653,1217,2034,1506,1079
431129,7,7,3024,1652,1238,1647,1418,1221
431934,6,1898,3026,1471,1654,1835,1351,1178
432776,7,2995,3026,1317,1653,1647,1411,1059
433810,7,3018,3026,1251,1654,1647,1293,1026
434568,7,3020,3026,1288,1655,1643,1307,959
435297,7,3019,3028,1275,1652,2029,1456,935
436019,7,3020,3026,1267,1655,1648,1460,990
436739,7,3019,3028,1278,1652,2028,1595,1015
437461,6,3020,3026,1256,1654,1647,1462,1223
438182,7,3019,3028,1279,1653,2028,1456,1197
438906,7,3020,3026,1246,1653,1647,1463,1113
439626,6,3019,3026,1282,1653,2025,1601,1075
440347,7,3020,3025,1236,1653,1648,1391,1188
441075,4,3019,3026,1284,1653,2020,1417,1083
441827,7,3018,3029,1251,1653,2054,1448,1117
442551,7,3021,3026,1269,1653,1647,1311,1068
443271,7,3019,3028,1255,1652,2052,1390,987
443991,7,3021,3026,1261,1654,1647,1284,1128
444722,7,3019,3028,1261,1652,2045,1516,1004
445473,7,3019,3026,1217,1654,1803,1610,1047
446197,7,3020,3025,1286,1655,2018,1671,1106
446920,6,3019,3029,1229,1654,2079,1582,1230
447641,7,3020,3026,1288,1654,2017,1511,1257
448382,7,3019,3028,1245,1653,2062,1568,1163
449133,7,3019,3026,1207,1653,1648,1517,1216
449858,7,3019,3025,1271,1671,1920,1440,1285
450580,7,3019,8,1351,1919,1649,1387,1146
451381,7,3019,8,1286,1974,1647,1354,1128
452114,7,3020,7,1318,2039,1648,1268,1177
452836,7,3019,6,1267,1658,1648,1369,1021
453557,7,3020,7,1293,2046,1648,1275,991
454277,7,3019,7,1260,1652,1647,1231,935
454999,7,3020,7,1282,2047,1648,1208,985
455719,7,3019,7,1262,1652,1648,1194,926
456450,6,3020,7,1271,2043,1648,1335,892
457284,7,3020,7,1231,2026,1648,1262,914
458113,6,3020,6,1250,1644,1647,1221,896
458937,7,3019,7,1247,1653,1648,1273,963
459764,7,3020,7,1274,1653,1648,1224,920
460571,8,3019,7,1269,1653,1648,1280,910
461428,6,3021,7,1275,2068,1647,1234,970
462299,7,3019,7,1242,1653,1648,1210,908
463342,6,3020,7,1258,2063,1648,1196,898
464091,7,3020,7,1267,1653,1649,1189,886
464816,7,3019,7,1203,2039,1647,1188,871
465563,2656,3021,7,1650,1934,1399,1157,862
466397,3008,3021,7,1653,1984,1295,1023,849
467130,3017,3021,7,1653,1652,1296,958,783
467853,3018,3021,7,1653,2006,1240,935,802
468575,3018,3023,7,1653,2017,1290,985,726
469300,3019,3021,7,1656,2004,1233,936,709
470022,3018,3021,7,1653,2062,1295,993,680
470746,3019,3021,8,1655,2002,1235,946,763
471468,3018,3023,6,1650,2057,1297,1063,780
472188,3019,3021,8,1654,1645,1235,981,771
472910,3018,3021,6,1650,2057,1291,940,800
473632,3019,3021,7,1652,1653,1240,923,725
474353,3018,3021,7,1652,2054,1272,1042,689
475075,3019,3021,8,1652,1653,1242,1043,717
475797,3018,3023,7,1653,2051,1258,952,732
476519,3019,3021,8,1653,1653,1247,908,705
477239,3019,3021,7,1652,2048,1241,884,738
477961,3019,3021,8,1653,1653,1247,1013,672
478703,3019,3021,7,1656,2025,1201,937,765
479431,3018,3021,6,1653,2086,1274,1053,714
480156,3020,3021,8,1653,1990,1213,967,803
480889,3019,3023,6,1652,1920,1327,1021,744
481613,3019,7,8,1936,1653,1341,1050,735
482420,3019,6,8,1996,1653,1293,1047,739
483153,3018,7,7,1653,1654,1264,960,744
483878,3019,6,8,2012,1653,1284,923,708
484604,3018,6,7,1733,1653,1234,907,682
485330,3018,7,7,2009,1652,1285,898,661
486086,3019,6,9,2037,1654,1256,1023,642
486813,3019,7,6,1653,1653,1260,1021,755
487535,3019,7,8,2031,1653,1261,1085,810
488266,3018,7,7,1653,1653,1297,1134,796
489061,3019,7,6,1654,1654,1294,1015,807
489860,3019,7,6,1653,1653,1277,1019,764
490597,3019,7,8,2047,1653,1246,958,815
491413,3019,6,9,2037,1653,1258,987,748
492223,3019,6,8,2034,1653,1260,1069,793
493062,3019,8,6,1652,1655,1258,1109,848
493856,3019,7,6,2020,1655,1275,992,891
494702,3019,7,6,1653,1655,1229,1012,799
495552,3019,6,7,2102,1653,1196,938,754
496298,3017,7,2846,1650,1372,1647,1142,774
497163,3019,6,3019,2008,1339,1649,1242,871
497906,3019,7,3023,1653,1283,1648,1217,936
498659,3020,6,3025,2010,1277,1648,1277,907
499384,3019,7,3024,1652,1288,1647,1371,901
500106,3020,7,3025,2017,1252,1648,1274,1073
500826,3019,6,3024,1653,1286,1647,1230,975
501544,3018,6,3025,2015,1238,1648,1210,940
502265,3018,6,3024,1652,1288,1648,1339,979
502986,3018,6,3024,2018,1227,1647,1261,1095
503707,3019,6,3025,1965,1285,1647,1299,979
504426,3018,6,3024,2018,1217,1647,1241,945
505145,3019,7,3024,2086,1284,1647,1284,903
505872,3018,7,3025,2019,1212,1648,1235,1040
506630,3020,7,3025,2047,1250,1647,1210,1040
507352,3019,7,3024,1653,1257,1648,1201,956
508073,3018,6,3026,2046,1236,1648,1190,981
508795,7,7,3025,1715,1385,1648,1330,918
509597,7,7,3024,1650,1338,1647,1257,927
510330,7,7,3024,1652,1263,1986,1335,897
511050,7,6,3023,1654,1308,1648,1401,993
511768,7,6,3024,1653,1244,2002,1554,1128
512517,7,6,3025,1653,1294,2037,1721,1261
513238,7,7,3024,1652,1267,1648,1592,1395
513959,7,7,3026,1653,1283,2040,1521,1404
514679,7,7,3025,1650,1266,1647,1490,1239
515399,7,6,3026,1653,1273,2040,1621,1286
516118,7,7,3025,1652,1264,1648,1539,1229
516839,7,7,3025,1653,1264,2040,1639,1302
517559,8,7,3025,1652,1264,1648,1483,1382
518300,7,7,3026,1653,1227,2013,1600,1216
519024,7,6,3025,1655,1288,1888,1505,1185
519753,7,6,3024,1652,1229,2013,1476,1125
520480,7,6,3026,1654,1293,2074,1484,1086
521251,7,7,3024,1652,1267,1648,1329,1069
522082,7,1203,3026,1503,1652,1879,1545,1140
522899,7,2973,3028,1345,1653,1969,1689,1124
523857,7,3018,3028,1296,1653,2010,1632,1177
524662,7,3019,3028,1274,1652,2046,1625,1177
525501,7,3019,3028,1279,1653,2020,1536,1175
526387,7,3019,3026,1308,1656,1932,1400,1134
527194,7,3020,3026,1279,1653,1648,1366,1202
527921,6,3019,3029,1275,1653,2031,1412,1080
528685,6,3019,3028,1246,1653,2059,1448,1113
529408,7,3021,3025,1305,1655,2000,1512,1144
530161,7,3019,3028,1275,1652,2032,1481,1183
530883,7,3020,3026,1242,1653,1647,1471,1114
531605,6,3019,3029,1275,1653,2031,1459,1217
532325,7,3019,3023,1229,1653,1648,1317,1122
533045,6,3019,3028,1273,1653,2034,1528,1092
533781,7,3019,3025,1217,1653,1798,1544,1095
534502,7,3018,3026,1284,1655,2023,1495,1102
535222,7,3018,3026,1219,1652,2091,1499,1083
535942,7,3019,3025,1280,1654,2026,1471,1073
536663,6,3019,3026,1277,1720,1833,1473,1057
537382,7,3020,7,1396,1965,1648,1328,1050
538158,7,3020,7,1333,2026,1648,1330,989
538895,7,3020,7,1277,2007,1647,1328,1029
539624,7,3020,7,1301,1653,1648,1256,973
540346,7,3019,7,1242,2009,1648,1293,918
541070,7,3019,8,1299,1653,1648,1238,905
541818,7,3019,7,1253,1755,1648,1351,909
542567,7,3020,7,1251,2028,1648,1339,1068
543301,7,3019,8,1288,1653,1647,1257,998
544024,7,3019,7,1223,2017,1648,1218,1075
544749,7,3020,7,1294,2085,1648,1272,982
545471,7,3019,7,1230,2014,1648,1299,929
546192,7,3020,7,1294,2078,1649,1384,914
546926,7,3019,7,1239,1644,1648,1285,1085
547667,6,3020,7,1241,2050,1649,1238,1056
548391,8,3019,7,1258,1652,1650,1216,1021
549117,7,3020,7,1218,1982,1533,1294,1021
549840,2802,3021,7,1653,1653,1373,1123,960
550644,3010,3021,8,1653,1652,1323,1018,886
551378,3018,3021,7,1656,1984,1253,1085,800
552102,3018,3023,7,1653,2043,1306,996,857
552846,3019,3023,7,1653,1652,1261,1073,785
553640,3019,3021,8,1653,1650,1253,965,843
554420,3019,3021,7,1654,1997,1240,1053,758
555158,3018,3023,6,1652,2048,1294,1043,822
555967,3019,3023,6,1650,2043,1274,959,853
556798,3018,3021,7,1652,2021,1224,924,758
557602,3018,3021,7,1653,2021,1217,899,702
558412,3020,3021,8,1653,2062,1177,873,670
559269,3019,3021,7,1654,2031,1202,874,633
560076,3019,3021,7,1654,1652,1228,886,621
560818,3019,3021,7,1652,2050,1234,940,616
561541,3020,3021,8,1653,1653,1251,978,711
562262,3019,3021,7,1652,2047,1216,1001,771
562987,3018,7,8,1731,1842,1343,1040,741
563810,3019,7,7,1925,1653,1358,1134,738
564542,3019,6,8,2007,1652,1283,1007,848
565266,3018,6,6,1652,1653,1294,951,776
565987,3019,6,8,2028,1653,1266,913,716
566714,3019,7,6,1653,1653,1277,902,673
567476,3018,7,6,1998,1653,1296,899,652
568230,3019,6,8,2052,1654,1261,1030,644
568954,3019,7,6,1653,1653,1253,943,692
569676,3019,6,9,2028,1653,1263,1050,748
570398,3019,7,6,1652,1653,1238,1045,750
571119,3019,7,8,2030,1653,1264,956,749
571838,3019,7,6,1653,1653,1225,992,708
572558,3019,7,8,2034,1653,1260,1001,772
573278,3018,7,7,1652,1654,1217,937,738
573999,3019,7,6,2034,1654,1258,973,702
574720,3019,7,7,1783,1654,1202,921,768
575462,3018,6,996,1967,1512,1648,1058,704
576186,3020,6,2957,1946,1383,1648,1128,730
576987,3020,7,3023,2000,1327,1647,1161,775
577719,3018,7,3024,1653,1290,1648,1251,880
578462,3020,6,3024,1987,1252,1647,1219,877
579187,3019,6,3025,2051,1308,1648,1347,953
579906,3018,7,3024,2000,1242,1648,1339,949
580625,3019,6,3024,2061,1302,1650,1404,947
581344,3020,7,3024,2002,1238,1647,1362,970
582064,3020,6,3024,2065,1300,1652,1416,1107
582785,3018,7,3024,2006,1235,1648,1442,1190
583505,3020,6,3025,2068,1297,1648,1454,1241
584257,3018,6,3024,1652,1253,1647,1391,1134
585052,3018,7,3025,1653,1236,1648,1362,1057
585877,3019,7,3025,1653,1263,1648,1412,1075
586668,7,7,3025,1689,1390,1648,1296,1036
587637,7,7,3024,1653,1328,1647,1239,965
588497,7,7,3026,1653,1332,1647,1213,931
589362,7,7,3025,1652,1308,2069,1350,902
590209,7,7,3024,1653,1264,2010,1398,925
590951,7,7,3024,1654,1306,2054,1437,957
591686,7,6,3024,1653,1251,1995,1647,986
592481,7,7,3025,1652,1251,1995,1608,1091
593204,6,6,3026,1653,1300,2053,1687,1128
593929,7,7,3025,1652,1256,1648,1506,1177
594650,7,6,3026,1653,1277,2050,1627,1194
595381,7,7,3024,1653,1261,1648,1399,1322
596101,7,7,3026,1653,1250,2045,1504,1146
596842,6,7,3025,1652,1274,1648,1485,1106
597564,7,6,3023,1653,1207,2031,1472,1221
598306,7,2124,3025,1416,1653,1647,1324,1128
599030,7,2987,3028,1377,1652,1941,1566,1100
599846,7,3017,3026,1339,1658,1970,1631,1114
600580,7,3019,3029,1283,1652,2023,1754,1150
601302,7,3020,3026,1302,1654,1642,1459,1354
602043,8,3019,3028,1288,1653,2018,1590,1188
602766,7,3020,3026,1261,1653,1648,1460,1306
603486,6,3019,3028,1288,1653,2019,1598,1235
604207,8,3020,3026,1247,1653,1648,1462,1195
604928,6,3019,3028,1286,1653,2020,1449,1115
605648,7,3020,3026,1233,1653,1648,1387,1069
606367,7,3019,3028,1284,1652,2023,1555,1019
607268,7,3019,3026,1228,1654,2053,1733,1070
608037,7,3020,3026,1231,1652,1647,1531,1310
608774,6,3019,3028,1267,1653,2037,1639,1200
609497,7,3018,3025,1206,1654,1648,1551,1263
610223,7,3019,3025,1273,1653,2035,1503,1324
610958,7,3019,7,1327,1788,1736,1376,1192
611772,8,3019,7,1343,1653,1647,1279,1217
612511,7,3020,7,1299,1995,1647,1233,1050
613237,7,3020,7,1306,1652,1648,1211,946
613959,7,3021,7,1255,2007,1647,1200,982
614680,7,3019,7,1299,1653,1648,1194,921
615404,7,3018,7,1238,2012,1648,1335,964
616175,7,3020,7,1277,2037,1648,1257,948
616950,6,3020,7,1305,2059,1648,1296,1048
617713,7,3019,7,1285,1654,1648,1380,976
618475,8,3019,7,1244,2004,1649,1356,975
619287,8,3019,7,1249,1653,1649,1266,1032
620129,7,3020,7,1280,1653,1648,1225,952
620906,8,3019,7,1257,1653,1650,1206,918
621744,8,3019,7,1272,1739,1631,1190,893
622591,2821,3021,7,1653,1932,1351,1063,881
623455,3015,3021,7,1652,1653,1297,980,824
624204,3017,3021,7,1652,1997,1267,998,753
624930,3017,3021,7,1653,1653,1297,947,727
625654,3018,3021,7,1658,2001,1235,924,693
626377,3018,3021,6,1653,2064,1296,989,665
627101,3019,3021,7,1655,2000,1234,947,684
627829,3018,3023,7,1652,2059,1297,1064,744
628604,3019,3021,8,1652,1653,1264,964,755
629328,3018,3021,7,1652,2026,1228,932,715
630051,3018,3021,7,1652,1653,1272,908,753
630773,3019,3021,7,1655,2025,1212,896,689
631495,3019,3021,7,1653,2062,1272,1029,661
632217,3019,3021,7,1655,2028,1200,945,768
632948,3019,3023,6,1652,2085,1277,918,787
633670,3019,3021,8,1653,1766,1212,899,713
634394,3018,7,7,1653,1768,1373,1078,739
635198,3018,7,6,1943,1653,1345,1009,757
635932,3019,6,8,2010,1654,1278,951,805
636656,3018,7,6,1653,1653,1293,995,805
637380,3019,4,9,2023,1653,1269,1010,824
638102,3018,7,6,1652,1654,1272,1085,771
638828,3019,6,8,2018,1653,1277,980,775
639552,3018,7,6,1653,1654,1228,1006,737
640273,3018,4,7,2012,1653,1282,1086,793
640992,3019,6,6,2074,1654,1214,981,855
641713,3018,7,6,2018,1652,1278,1008,772
642458,3019,6,8,2063,1653,1229,947,813
643190,3018,7,6,1652,1655,1253,1046,735
643912,3019,6,8,2053,1654,1238,968,808
644633,3018,8,7,1654,1656,1239,912,742
645352,3019,6,2234,1852,1431,1648,1129,757
646074,3019,7,2992,1652,1352,1647,1161,787
646866,3018,7,3023,1652,1308,1647,1251,820
647600,3019,6,3025,2002,1278,1648,1293,914
648392,3020,6,3025,2018,1280,1648,1313,912
649224,3020,7,3024,2004,1238,1648,1244,986
650050,3019,7,3025,1652,1255,1647,1216,920
650851,3019,7,3024,1643,1250,1647,1202,899
651688,3019,7,3024,1653,1282,1648,1197,887
652464,3019,7,3025,1653,1255,1648,1264,949
653306,3019,6,3025,1653,1280,1647,1365,1053
654135,3019,7,3024,1653,1222,1645,1271,1142
654887,3019,6,3024,1902,1322,1791,1289,1084
655617,6,7,3025,1653,1379,1648,1380,1063
656481,7,3,3026,1653,1321,1987,1398,1153
657216,7,7,3024,1652,1310,1647,1431,1065
657938,7,7,3025,1653,1264,2001,1571,1178
658687,7,7,3026,1653,1318,2043,1515,1291
659408,7,7,3024,1652,1260,1989,1680,1258
660152,7,6,3026,1653,1279,2030,1565,1238
660874,7,7,3025,1650,1275,1647,1369,1177
661595,7,6,3026,1652,1261,2030,1413,1064
662317,7,7,3024,1652,1274,1647,1295,1029
663038,7,7,3026,1653,1242,2034,1525,963
663758,7,4,3024,1653,1269,1648,1423,1031
664478,6,6,3025,1653,1231,2037,1588,1015
665197,6,7,3024,1652,1263,1648,1459,1151
665918,7,2781,3028,1409,1653,1910,1553,1161
666699,7,3009,3028,1336,1654,1974,1549,1139
667429,7,3019,3026,1286,1654,1648,1439,1122
668154,7,3018,3028,1308,1653,1998,1579,1139
668918,6,3019,3028,1305,1654,2004,1507,1207
669648,7,3020,3026,1256,1653,1647,1418,1139
670379,7,3018,3026,1305,1653,2001,1427,1137
671101,7,3018,3025,1241,1654,1837,1426,1072
671823,7,3019,3025,1304,1656,2003,1567,1115
672543,7,3019,3026,1240,1653,2073,1743,1258
673265,7,3021,3025,1300,1656,2007,1660,1263
674007,7,3019,3028,1255,1653,2052,1710,1233
674727,7,3020,3025,1260,1654,1647,1512,1240
675449,7,3019,3028,1252,1652,2056,1564,1155
676170,7,3020,3026,1244,1653,1648,1514,1279
676901,7,3019,3028,1262,1653,1905,1501,1178
677622,6,3020,7,1367,1919,1648,1336,1120
678446,7,3020,7,1297,1962,1648,1263,1023
679184,6,3021,7,1328,2023,1647,1365,948
679907,7,3020,7,1279,1644,1648,1415,954
680676,7,3020,7,1279,2009,1647,1439,979
681474,7,3020,7,1250,2013,1647,1380,1000
682240,7,3020,8,1272,2035,1648,1357,982
682981,8,3019,7,1277,1653,1648,1410,1036
683792,7,3020,7,1283,1653,1647,1434,1017
684610,8,3019,8,1290,2087,1648,1377,1151
685404,7,3019,7,1285,2090,1649,1423,1057
686204,6,3020,8,1269,1653,1650,1300,1031
687049,6,3020,7,1267,2100,1626,1234,1042
687885,2831,3021,7,1652,1941,1366,1087,943
688845,3014,3021,7,1652,2008,1330,1081,862
689674,3017,3021,7,1652,1996,1261,973,888
690408,3017,3021,7,1652,2053,1302,1009,780
691131,3019,3021,7,1654,1993,1242,1003,820
691854,3018,3021,7,1650,2052,1304,957,835
692581,3019,3021,8,1653,1645,1245,905,822
693317,3019,3021,7,1652,2039,1267,890,722
694037,3019,3021,8,1652,1654,1253,1018,665
694758,3018,3020,7,1653,2043,1253,942,764
695478,3019,3021,8,1653,1654,1251,1045,781
696198,3018,3021,7,1652,2051,1238,970,831
696918,3019,3018,8,1652,1653,1245,989,760
697638,3018,3021,7,1652,2056,1224,1010,731
698379,3019,7,8,1837,1694,1388,995,791
699187,3019,7,6,1951,1654,1339,967,748
699919,3019,6,8,2014,1654,1277,996,710
700642,3019,8,6,1653,1653,1302,1024,780
701364,3019,6,8,2026,1654,1266,949,822
702106,3019,8,4,1653,1653,1255,905,744
702831,3019,7,8,2013,1654,1282,968,758
703553,3018,6,7,1652,1654,1231,929,717
704273,3019,7,7,2018,1654,1275,1048,681
704993,3019,7,7,1652,1655,1219,965,717
705714,3018,6,7,2021,1653,1269,919,698
706439,3019,6,7,2092,1655,1202,896,743
707220,3018,7,7,1652,1656,1225,890,687
708012,3019,7,1422,1652,1504,1647,1043,650
708744,3018,7,2968,1916,1339,1647,1257,695
709591,3018,8,3021,1652,1295,1647,1223,925
710343,3020,7,3025,1996,1279,1647,1205,904
711105,3019,6,3024,2042,1317,1650,1340,892
711891,3018,6,3024,2048,1311,1649,1260,919
712624,3018,7,3024,1910,1255,1647,1225,1039
713417,3019,7,3024,1996,1244,1648,1350,1034
714243,3019,7,3024,1652,1256,1648,1263,1130
715053,3019,7,3024,1650,1261,1647,1222,996
715886,3019,6,3025,2072,1283,1648,1275,938
716674,3018,6,3025,1653,1272,1647,1230,1051
717474,7,7,3024,1688,1385,1648,1210,967
718485,7,6,3025,1652,1329,1647,1196,919
719339,7,6,3026,1653,1328,2017,1468,963
720072,7,7,3024,1652,1289,1647,1322,1076
720794,7,7,3026,1653,1286,2018,1529,1140
721514,7,7,3024,1650,1282,1647,1498,1188
722235,7,7,3026,1653,1271,2024,1474,1266
722973,7,7,3023,1649,1286,1647,1404,1228
723775,7,7,3024,1653,1289,1647,1291,1107
724500,7,7,3024,1653,1218,2014,1581,1075
725221,7,6,3024,1654,1288,1935,1582,1109
725941,6,7,3024,1654,1218,2019,1586,1123
726673,7,6,3024,1654,1279,1998,1501,1134
727456,7,2882,3026,1356,1653,1677,1543,1100
728268,7,3014,3028,1308,1653,1960,1608,1105
729003,7,3019,3026,1297,1653,1648,1390,1272
729742,7,3019,3026,1318,1653,1987,1406,1119
730494,7,3019,3028,1283,1652,2025,1429,1129
731218,8,3020,3026,1288,1654,1647,1307,1068
731938,7,3019,3028,1277,1652,2030,1528,1057
732658,7,3020,3026,1273,1654,1647,1354,1146
733377,7,3019,3028,1271,1652,2036,1622,1120
734098,7,3020,3026,1258,1654,1647,1398,1284
734818,7,3019,3028,1264,1652,2043,1501,1126
735538,7,3020,3026,1244,1654,1647,1481,1242
736258,7,3019,3028,1260,1653,2048,1548,1144
736979,7,3021,3026,1229,1654,1647,1503,1197
737699,7,3019,8,1380,1653,1667,1345,1133
738470,7,3019,7,1332,1860,1647,1263,1030
739266,7,3019,7,1294,1910,1648,1224,948
740025,7,3020,7,1273,2002,1645,1275,924
740798,6,3020,7,1294,2026,1648,1233,1043
741540,7,3020,8,1294,1652,1648,1212,969
742269,7,3020,7,1246,2015,1648,1200,924
743050,6,3020,7,1274,2037,1648,1264,892
743863,7,3020,7,1231,2024,1649,1225,882
744626,7,3019,7,1288,2064,1648,1210,957
745414,7,3019,6,1290,2078,1652,1199,916
746228,6,3021,7,1277,2074,1652,1196,898
747080,1439,3020,8,1653,1852,1390,1222,953
747908,2980,3021,7,1653,1644,1321,1069,919
748841,3018,3021,7,1652,1981,1266,969,910
749667,3018,3021,7,1650,2002,1308,1010,865
750544,3019,3021,7,1653,1652,1264,1084,785
751389,3019,3021,6,1653,2070,1294,991,782
752142,3019,3021,8,1652,1652,1260,926,746
753183,3019,3021,7,1649,2041,1263,898,770
753923,3019,3020,8,1653,1654,1269,890,769
754655,3018,3021,7,1652,2030,1213,887,697
755457,3019,3020,7,1655,2030,1199,875,661
756198,3018,3021,6,1650,2076,1273,881,639
756923,3019,7,8,1797,1792,1350,985,627
757737,3019,7,8,1954,1654,1328,1026,735
758472,3019,7,6,1653,1653,1304,963,805
759251,3018,7,6,1654,1653,1316,941,737
760002,3019,6,8,2003,1653,1288,1057,769
760725,3019,7,6,1654,1654,1247,959,763
761446,3018,7,6,2008,1653,1285,923,717
762168,3018,7,6,1897,1654,1225,975,680
762890,3019,7,7,2012,1652,1280,1069,752
763613,3019,6,7,2076,1654,1208,973,829
764334,3018,6,6,2015,1655,1274,927,760
765056,3019,6,7,2079,1656,1208,903,708
765776,3018,7,6,2021,1655,1269,894,665
766501,3019,7,2715,1902,1435,1648,1050,714
767300,3019,6,3017,1976,1368,1649,1123,803
768028,3018,7,3023,1653,1299,1647,1227,811
768752,3019,7,3024,1996,1295,1649,1282,852
769473,3018,7,3024,1652,1296,1648,1234,876
770200,3019,6,3025,2014,1267,1648,1285,885
770974,3020,6,3025,2042,1301,1647,1234,893
771753,3020,6,3025,2059,1306,1647,1208,903
772478,3018,7,3024,1650,1246,1648,1201,888
773210,3019,6,3025,2057,1284,1649,1190,949
773981,3019,6,3025,2079,1285,1649,1261,912
774723,3018,7,3024,1879,1339,1677,1369,891
775533,7,7,3024,1652,1357,1647,1351,930
776394,7,6,3024,1654,1345,2014,1472,1010
777223,6,7,3026,1653,1305,2007,1455,1100
778081,7,6,3026,1653,1253,1993,1653,1063
778905,7,7,3024,1653,1277,1648,1559,1272
779740,7,4,3024,1655,1305,2010,1655,1330
780526,7,7,3025,1653,1284,1648,1412,1263
781385,7,7,3024,1656,1301,2069,1522,1124
782251,7,6,3026,1654,1266,2054,1499,1246
783000,7,6,3024,1653,1268,1647,1339,1229
783728,7,1078,3025,1533,1653,1843,1344,1076
784454,7,2945,3026,1349,1653,1920,1440,1012
785280,7,3015,3028,1318,1653,1993,1428,1018
786011,7,3020,3025,1302,1653,1648,1449,1091
786745,7,3018,3028,1301,1654,2004,1586,1196
787528,7,3019,3028,1286,1653,2020,1659,1169
788257,7,3020,3026,1264,1654,1809,1448,1257
788986,6,3018,3028,1279,1653,2034,1451,1282
789711,7,3020,3026,1274,1653,1648,1391,1227
790442,7,3019,3028,1268,1653,2037,1427,1102
791254,7,3019,3028,1277,1653,2032,1439,1130
792017,7,3019,3028,1246,1653,2063,1534,1148
792741,7,3020,3026,1257,1654,1647,1428,1125
793475,7,3018,8,1317,1654,1809,1368,1207
794312,7,3021,7,1391,1967,1648,1273,1224
795208,7,3019,7,1347,2008,1648,1229,1047
796095,7,3020,7,1274,2004,1648,1283,964
796977,7,3020,7,1242,1996,1647,1235,929
797860,8,3019,7,1264,1654,1648,1285,984
798784,7,3020,7,1306,2067,1647,1236,1007
799669,6,3020,7,1261,2046,1648,1354,1021
800550,6,3021,7,1213,2029,1647,1269,1122
801432,7,3020,7,1223,1652,1650,1228,1067
802314,7,3019,7,1652,1654,1463,1273,975
803238,2941,3021,7,1650,1959,1341,1241,929
804305,3017,3021,7,1652,2008,1253,1123,893
805227,3018,3020,7,1653,1653,1268,998,849
806165,3019,3021,7,1652,2026,1255,1007,774
807082,3018,3021,7,1655,2000,1241,1070,743
808102,3018,3021,7,1655,2007,1231,981,824
809094,3019,3020,7,1652,2030,1199,995,757
810084,3019,3021,6,1650,2072,1244,995,728
811107,3019,3021,7,1652,2081,1235,948,786
812135,3019,7,7,1652,1672,1372,1026,793
813334,3020,7,6,1643,1653,1312,973,758
814309,3020,6,8,2017,1654,1291,935,789
815388,3020,6,2009,2009,1653,1299,919,719
816424,3019,7,9,2018,1654,1285,976,686
817356,3019,7,7,1653,1654,1210,927,761
818311,3019,6,8,2069,1654,1279,908,709
819223,3019,7,7,1653,1656,1200,958,676
820106,3019,6,6,2096,1659,1206,986,676
820988,3020,6,2637,1887,1404,1647,1234,686
821998,3019,6,3020,1991,1333,1647,1210,686
822893,3020,6,3025,1991,1251,1647,1339,871
823773,3019,6,3024,1644,1266,1648,1333,907
824656,3019,7,3025,1652,1282,1648,1333,1063
825536,3019,7,3024,2074,1297,1649,1402,998
826418,3019,6,3025,2058,1269,1647,1289,995
827327,3020,6,3024,2020,1217,1648,1311,1086
828211,3018,7,3024,1987,1310,1647,1249,1069
829095,7,7,3024,1653,1347,1647,1218,965
830084,7,6,3026,1652,1272,1969,1311,996
830980,7,7,3024,1652,1290,1647,1249,953
831922,7,6,3026,1653,1274,2014,1349,904
832816,7,6,3024,1653,1247,1913,1307,1002
833701,7,7,3025,1652,1271,1648,1389,954
834582,7,7,3024,1652,1286,1993,1426,1106
835464,7,6,3025,1654,1279,2061,1527,1199
836345,7,6,3026,1655,1225,2041,1495,1214
837226,7,2681,3026,1426,1656,1888,1556,1136
838213,7,3014,3028,1333,1654,1969,1550,1126
839146,7,3019,3026,1330,1654,1648,1435,1122
840040,7,3020,3025,1274,1654,1647,1308,1065
840990,7,3019,3028,1301,1654,1992,1442,1062
841943,7,3019,3026,1238,1654,2052,1531,1112
842875,6,3018,3026,1296,1655,2001,1601,1106
843879,7,3019,3028,1262,1653,2024,1663,1269
844884,7,3019,3028,1242,1653,2048,1709,1373
845921,7,3020,3028,1249,1654,2037,1722,1378
846887,7,3020,8,1360,1647,1648,1449,1451
848020,8,3020,7,1335,1654,1647,1384,1234
849070,7,3019,7,1312,2048,1648,1282,1242
850091,7,3019,7,1258,1653,1647,1304,1061
850993,8,3020,7,1291,1827,1647,1313,1123
851945,7,3020,7,1250,2036,1647,1389,1159
852950,7,3020,7,1213,2031,1648,1284,1207
853844,7,3015,7,1233,1654,1652,1235,1042
854726,1620,3021,8,1653,1653,1418,1255,975
855607,2991,3021,7,1652,1990,1347,1094,920
856619,3019,3021,7,1652,1653,1318,1002,847
857520,3018,3020,7,1652,2021,1271,937,774
858403,3018,3021,7,1652,2003,1223,981,719
859291,3019,3021,8,1653,1650,1253,1065,775
860173,3020,3021,8,1653,1653,1272,971,770
861057,3019,3020,7,1652,2084,1286,936,797
861941,3019,3021,7,1650,2062,1224,981,794
862826,3019,3021,7,1653,2041,1189,991,810
863707,3019,7,8,1913,1656,1362,1112,755
864697,3019,8,6,1652,1653,1290,1004,848
865593,3019,6,8,2025,1653,1279,946,777
866476,3020,7,8,2012,1653,1293,1061,721
867358,3019,7,6,1997,1655,1299,981,809
868268,3019,7,6,1652,1654,1207,997,750
869156,3019,6,7,2072,1654,1233,951,725
870038,3020,6,9,2050,1653,1252,1045,697
870918,3019,6,8,2032,1655,1267,960,791
871800,3018,7,1042,1652,1512,1648,1079,733
872731,3018,6,2991,1970,1377,1648,1133,759
873881,3018,7,3023,1653,1305,1648,1161,787
874891,3019,7,3024,1652,1278,1647,1173,813
875888,3020,7,3024,1912,1250,1649,1256,829
876901,3020,6,3026,2017,1217,1648,1223,921
877903,3020,7,3025,2031,1211,1648,1275,907
878894,3019,7,3024,1925,1344,1821,1374,1037
879954,7,7,3024,1650,1334,1648,1349,1001
881163,7,8,3025,1653,1291,1967,1373,971
882107,7,7,3025,1654,1317,2048,1494,967
883010,7,6,3025,1652,1271,2017,1684,1089
883909,7,6,3024,1653,1242,1643,1428,1159
884800,7,7,3024,1652,1271,1648,1302,1152
885680,7,7,3024,1654,1288,2080,1539,1167
886560,7,6,3026,1656,1258,2061,1504,1135
887442,7,2649,3028,1420,1654,1898,1493,1178
888452,7,3013,3026,1332,1653,1969,1448,1118
889355,7,3019,3026,1336,1654,1649,1387,1070
890241,6,3020,3025,1278,1654,1648,1355,1162
891151,7,3020,3026,1241,1654,2051,1485,1050
892038,7,3019,3029,1288,1654,2007,1459,1053
892934,7,3019,3026,1300,1654,1647,1463,1186
893886,7,3020,3025,1260,1653,1647,1322,1111
894814,6,3019,3029,1253,1652,2039,1388,1089
895615,6,3019,3025,1264,1655,2034,1422,1174
896354,7,3019,8,1366,1653,1687,1459,1228
897188,7,3019,7,1347,1653,1647,1389,1267
897920,7,3019,9,1285,1969,1648,1284,1262
898672,7,3020,7,1301,1998,1648,1231,1213
899395,7,3019,8,1299,1653,1648,1351,1120
900116,7,3020,7,1262,2017,1648,1338,1170
900836,7,3019,7,1286,1652,1648,1257,1047
901558,7,3020,7,1240,2025,1648,1224,1097
902278,7,3019,7,1277,1652,1650,1203,991
902999,7,3020,7,1218,2034,1648,1192,927
903720,7,3019,6,1652,1653,1498,1266,967
904442,2860,3021,7,1650,1908,1343,1096,1062
905234,3012,3021,7,1653,1965,1305,1140,992
906047,3018,3021,7,1653,1982,1272,1151,904
906882,3018,3021,7,1653,1644,1267,1152,868
907680,3019,3021,7,1653,1847,1253,1007,851
908536,3020,3021,8,1653,1653,1290,952,777
909326,3020,3021,8,1652,1654,1267,986,721
910176,3019,3021,7,1653,1653,1219,1007,781
911058,3019,3021,6,1652,2083,1247,1008,748
911821,3019,3021,7,1653,2097,1258,937,802
912551,3019,6,8,1891,1693,1366,1090,725
913528,3019,7,7,1653,1654,1296,1136,755
914296,3019,7,6,1652,1652,1280,1148,789
915019,3019,7,8,1996,1654,1295,1018,877
915741,3019,7,6,1652,1653,1251,1014,794
916465,3018,6,7,2004,1653,1288,1087,757
917187,3018,6,7,2036,1653,1223,989,838
917908,3018,6,7,2010,1650,1279,1012,764
918883,3019,7,6,1652,1655,1267,1013,811
919623,3020,6,8,2047,1653,1241,931,760
920348,3020,7,2196,1652,1450,1648,1207,703
921070,3019,7,2992,1924,1339,1648,1197,860
921871,3019,6,3023,1965,1295,1648,1192,863
922601,3019,6,3024,2037,1323,1647,1262,862
923321,3018,6,3024,1986,1251,1648,1221,1010
924041,3018,6,3024,2051,1310,1647,1203,945
924762,3019,6,3024,1998,1236,1648,1267,913
925483,3020,6,3024,2064,1299,1650,1368,1037
926202,3018,7,3024,2009,1230,1648,1272,1001
926922,3020,6,3024,2076,1286,1720,1261,1083
927642,7,7,3024,1687,1380,1885,1299,978
928418,7,7,3024,1652,1316,1947,1483,1015
929151,7,6,3024,1654,1344,2007,1600,1177
929872,7,7,3024,1652,1274,1973,1504,1302
930593,7,6,3024,1654,1324,2039,1479,1258
931314,7,6,3023,1653,1262,1984,1449,1150
932034,7,6,3025,1654,1315,2053,1456,1162
932754,7,7,3024,1650,1247,1996,1587,1095
933483,7,6,3026,1656,1300,2059,1747,1189
934239,7,7,3024,1652,1268,1647,1459,1234
934964,7,1637,3025,1488,1653,1844,1399,1129
935684,7,2965,3026,1347,1655,1647,1288,1054
936479,7,3017,3026,1304,1654,1648,1238,1047
937215,7,3018,3025,1338,1655,1970,1321,952
938010,7,3018,3028,1308,1653,1997,1371,1080
938811,3,3019,3025,1328,1654,1976,1389,1020
939652,7,3020,3025,1266,1653,1648,1360,997
940476,7,3020,3026,1238,1653,1647,1412,979
941291,7,3018,3028,1245,1654,2064,1664,1126
942077,7,3021,3026,1223,1654,1647,1416,1167
942939,7,3020,3028,1252,1653,2053,1660,1078
943842,6,3020,8,1371,1887,1648,1561,1141
944824,7,3020,7,1304,1958,1648,1366,1269
945605,6,3020,7,1286,1990,1647,1275,1106
946329,7,3021,7,1313,1653,1648,1300,990
947051,7,3020,7,1250,2002,1647,1312,1090
947774,7,3019,7,1302,1653,1648,1245,998
948495,7,3019,7,1229,2013,1648,1286,925
949218,7,3020,7,1291,2074,1652,1235,908
949938,7,3019,7,1222,2021,1647,1210,908
950657,6,3019,7,1653,1993,1509,1137,897
951376,2844,3021,7,1654,1899,1341,1111,853
952169,3012,3021,7,1655,1952,1291,1003,825
952900,3017,3023,6,1652,2018,1332,968,835
953623,3019,3021,7,1653,1975,1266,1061,753
954367,3018,3021,7,1652,2019,1290,1118,757
955104,3019,3021,8,1653,1653,1284,998,849
955827,3018,3021,7,1652,2018,1241,1067,781
956559,3018,3021,7,1650,2025,1283,1046,840
957282,3019,3021,7,1654,2019,1208,1028,788
958005,3018,3023,6,1653,2086,1274,952,829
958729,3019,3021,7,1652,1653,1275,1057,750
959451,3019,7,7,1652,1655,1396,1162,754
960246,3019,7,7,1946,1655,1345,1050,868
960976,3019,6,8,2009,1655,1280,1037,807
961700,3018,7,7,1652,1654,1307,969,769
962422,3019,6,8,2024,1654,1266,923,730
963145,3019,7,6,1653,1654,1279,902,684
963868,3019,6,9,2032,1654,1258,962,661
964589,3018,7,6,1653,1656,1253,1056,739
965310,3020,7,8,2042,1654,1249,1026,814
966031,3018,7,7,1653,1658,1229,954,844
966753,3019,6,2163,1830,1442,1648,1073,760
967472,3018,6,2991,1653,1377,1648,1274,836
968250,3019,7,3023,1652,1319,1648,1230,864
968984,3019,7,3024,1993,1294,1648,1349,877
969756,3020,6,3025,2030,1323,1647,1266,915
970538,3018,6,3024,2052,1311,1649,1224,894
971297,3018,7,3024,1652,1275,1648,1208,890
972071,3019,7,3024,1825,1241,1648,1273,954
972870,3018,7,3024,2018,1222,1647,1368,989
973707,7,7,3024,1655,1405,1648,1273,978
974603,7,7,3025,1653,1319,1953,1407,926
975438,7,7,3024,1652,1266,2019,1423,1034
976300,7,7,3024,1650,1251,1993,1424,1163
977215,6,6,3024,1655,1316,2029,1586,1225
977956,7,7,3024,1652,1293,1647,1379,1183
978727,7,7,3024,1652,1261,1645,1278,1146
979450,7,6,3026,1655,1274,2046,1376,1010
980170,7,7,3024,1652,1250,1648,1355,1064
980891,7,2223,3028,1445,1653,1880,1338,1076
981610,7,2989,3026,1369,1654,1648,1402,1081
982418,7,3019,3026,1319,1654,1648,1295,1035
983148,6,3018,3028,1326,1654,1984,1496,1036
983869,7,3020,3026,1272,1654,1647,1409,1190
984590,8,3019,3026,1310,1653,1998,1557,1086
985311,7,3019,3026,1241,1654,1647,1507,1103
986050,7,3021,3026,1310,1655,1998,1463,1087
986771,6,3019,3028,1245,1653,2064,1611,1139
987492,7,3020,3026,1297,1654,2009,1522,1289
988234,7,3019,3028,1233,1653,2059,1710,1327
988958,7,3019,8,1358,1841,1709,1609,1424
989742,7,3020,9,1371,1959,1648,1394,1426
990466,7,3019,7,1323,1653,1647,1288,1199
991187,7,3020,7,1305,2004,1648,1238,1118
991908,8,3019,8,1296,1653,1648,1210,1075
992627,7,3020,7,1279,2021,1648,1197,979
993346,8,3020,7,1278,1653,1649,1194,919
994076,7,3020,7,1247,2028,1647,1192,897
994810,7,3020,7,1277,1653,1650,1334,876
995570,8,3019,7,1244,1653,1652,1400,907
996292,2350,3021,7,1652,1885,1418,1192,1090
997012,2992,3021,7,1654,1652,1343,1063,970
997828,3017,3020,7,1652,1653,1313,1057,866
998563,3019,3021,7,1653,1648,1301,1119,882
999294,3018,3021,7,1653,2012,1308,1014,843
1000016,3019,3021,8,1653,1653,1273,945,781
