Time (us),Signal 0,Signal 1,Signal 2,Signal 3,Signal 4,Signal 5,Signal 6,Signal 7
1505,3019,7,8,1799,1654,1407,1203,0
3001,3020,6,8,2013,1653,1251,1026,1018
4260,3019,7,6,2106,1654,1225,953,943
5771,3019,7,6,1653,1656,1203,982,800
7168,3019,7,7,2103,1654,1233,941,819
9745,3019,7,6,1654,1653,1179,896,735
11025,3019,6,8,2051,1655,1258,1028,749
13272,3019,6,9,2072,1654,1249,1083,741
15194,3019,6,8,2035,1654,1137,943,763
16711,3019,7,6,2117,1654,1213,912,710
17926,3019,6,7,2048,1652,1268,897,672
19259,3019,6,9,2065,1653,1253,958,654
20435,3019,6,6,2028,1655,1230,927,667
21551,3018,6,8,2052,1652,1266,903,664
22658,3018,6,8,2083,1653,1236,898,653
23785,3018,7,7,2112,1655,1216,887,637
24947,3019,6,8,2090,1653,1233,894,702
26050,3019,7,7,2124,1654,1199,886,659
27168,3015,7,6,1653,1653,1183,874,708
28277,3018,6,6,1653,1653,1190,940,654
29378,3020,6,8,2039,1653,1250,901,730
30537,3019,6,7,1965,1654,1229,899,683
31644,3020,6,8,2057,1654,1262,1024,652
32742,3019,6,8,2096,1654,1223,1024,693
33845,3019,7,7,1653,1654,1188,1012,714
34959,3019,6,6,1652,1654,1188,934,715
36063,3019,6,6,2032,1653,1236,989,691
39846,3020,8,8,2081,1654,1241,1013,692
41197,3019,7,4,1653,1654,1173,997,708
42548,3019,7,7,2119,1655,1203,934,776
43741,3020,6,9,2076,1653,1236,921,715
44997,3020,7,8,2041,1653,1268,970,680
46101,3019,6,6,1670,1652,1244,1053,680
47144,3019,7,6,2107,1654,1205,1031,719
48133,3018,7,6,1653,1654,1180,936,800
49143,3020,6,9,2068,1653,1263,1045,731
50340,3020,6,7,2097,1655,1217,1031,739
51328,3019,6,6,1952,1653,1246,968,739
52323,3018,7,6,2097,1654,1218,998,716
53333,3018,7,6,1654,1653,1219,942,713
54307,3018,6,6,2096,1654,1216,984,692
55279,3019,7,8,2041,1655,1272,930,763
56249,3018,7,6,1653,1654,1180,888,702
57279,3019,6,8,2073,1654,1239,897,665
58256,3019,7,6,1653,1654,1192,876,650
59231,3018,6,9,2073,1653,1239,891,636
60242,3018,7,6,1652,1654,1189,873,630
61218,3019,6,8,2069,1654,1241,894,622
62188,3018,7,6,1653,1653,1230,967,626
63164,3018,7,6,2105,1655,1212,991,653
64158,3019,6,6,2028,1654,1251,929,747
65144,3018,7,7,2117,1654,1202,969,698
66149,3019,6,6,1644,1654,1239,913,689
67144,3018,8,4,2107,1654,1199,962,732
68125,3019,4,8,2054,1654,1258,916,777
69098,3019,7,6,1653,1654,1190,890,713
70070,3019,6,8,2078,1654,1231,891,736
71044,3020,7,6,1654,1654,1239,875,675
72025,3019,7,7,2117,1654,1205,943,637
72999,3019,6,8,2045,1652,1266,910,720
73971,3019,7,7,1653,1653,1188,882,673
74945,3019,6,8,2075,1654,1236,896,641
75915,3019,3,6,1647,1653,1241,874,634
76885,3019,7,7,2108,1654,1199,945,617
77950,3019,7,7,1653,1654,1177,967,643
78920,3019,6,8,2069,1655,1241,912,731
79889,3019,7,6,1650,1654,1236,903,752
80862,3019,7,7,2109,1653,1203,960,694
81833,3020,6,8,2052,1653,1260,913,755
82802,3018,7,6,1653,1654,1201,890,693
83771,3019,6,9,2086,1653,1225,960,727
84741,3019,6,6,2034,1654,1266,919,771
85741,3019,7,7,2114,1654,1206,967,710
86739,3019,7,7,1649,1654,1241,909,694
88375,3018,7,6,1653,1654,1148,870,660
89480,3019,6,7,2105,1654,1208,870,637
90458,3019,4,8,2057,1654,1251,866,620
91467,3018,7,6,1654,1654,1238,886,604
92446,3018,6,6,2102,1654,1206,952,617
93418,3019,6,8,2062,1653,1245,1048,714
94391,3019,7,6,2030,1654,1256,1100,800
95364,3018,7,6,1653,1653,1194,975,864
96337,3019,6,7,2105,1655,1205,924,770
97377,3019,6,8,2068,1653,1253,893,713
98396,3018,7,7,2106,1654,1208,881,664
99399,3019,7,9,2043,1654,1268,879,643
100400,3018,7,6,1653,1653,1174,865,623
101428,3019,6,8,2051,1655,1261,869,617
102455,3019,7,6,1653,1654,1170,855,682
103535,3020,7,6,1652,1654,1197,935,642
104543,3019,6,8,2084,1654,1230,984,717
105551,3018,7,6,1644,1653,1235,1059,778
106593,3019,6,8,2074,1654,1240,975,836
107615,3019,7,7,1653,1655,1188,987,758
108596,3019,6,8,2096,1655,1213,1006,799
109567,3019,6,8,2057,1654,1249,1075,824
110541,3018,6,6,1645,1653,1244,1035,798
111513,3019,7,7,1654,1653,1184,941,838
112484,3018,6,7,2102,1655,1208,908,752
113457,3019,6,8,2064,1654,1244,908,688
114453,3018,7,6,1653,1655,1222,899,663
115432,3019,6,4,2007,1650,1186,876,642
116403,3019,6,9,2081,1654,1227,890,698
117460,3019,6,9,2045,1654,1186,875,659
118466,3018,6,9,2072,1654,1241,868,638
119471,3018,7,6,1653,1654,1213,875,617
120512,3019,6,8,2089,1654,1252,869,683
121515,3019,7,6,1652,1654,1194,937,647
122514,3019,6,8,2081,1654,1230,920,726
123513,3019,7,6,1644,1653,1235,1030,755
124511,3019,7,7,2112,1653,1205,949,811
125514,3019,6,8,2047,1653,1268,991,808
126538,3018,7,7,1653,1654,1190,921,753
127618,3018,7,8,2122,1653,1208,967,703
128627,3019,7,6,1653,1654,1217,921,761
129631,3018,7,6,2106,1654,1210,970,698
130633,3019,7,8,2045,1655,1268,925,689
131633,3019,7,6,1653,1654,1175,882,672
132636,3019,6,8,2072,1654,1242,941,648
133636,3018,7,6,1653,1653,1221,984,652
134638,3018,7,7,2105,1655,1210,930,742
135636,3019,6,8,2045,1656,1267,1043,702
136636,3018,7,6,1653,1654,1179,947,725
137618,3019,6,8,2080,1654,1228,920,699
138592,3019,6,8,2043,1652,1262,896,742
139720,3019,6,7,2036,1655,1269,892,754
140760,3019,7,7,2108,1654,1203,879,755
141691,3019,6,6,2030,1654,1239,1008,678
142385,3019,4,8,2085,1653,1199,941,766
143074,3019,7,8,2050,1653,1239,899,713
143762,3018,7,6,2023,1656,1269,891,738
144451,3018,7,7,1653,1654,1247,879,680
145139,3019,7,8,2084,1654,1197,943,715
145829,3019,6,9,2053,1654,1236,921,757
146525,3018,7,6,1851,1654,1272,1045,700
147266,3018,6,7,1748,1654,1275,960,725
147974,3018,8,6,1652,1654,1285,997,698
148668,3019,6,6,2086,1654,1203,1002,699
149374,3019,6,8,2048,1654,1240,952,772
150073,3018,7,4,1645,1654,1278,989,721
150773,3017,6,7,1653,1654,1216,1003,706
151473,3019,6,8,2057,1653,1233,953,778
152172,3018,7,6,2020,1655,1271,1056,794
152876,3018,7,8,1652,1653,1225,1042,842
153591,3019,7,8,2051,1653,1240,943,863
154292,3018,7,7,1652,1655,1279,986,758
154993,3018,6,7,1653,1653,1211,1001,724
155697,3018,6,7,2052,1654,1239,927,788
156412,3018,6,6,1653,1653,1280,905,715
157130,3019,6,7,2087,1654,1196,882,746
157845,3018,7,6,2025,1655,1267,884,682
158546,3018,8,7,1653,1654,1231,964,719
159246,3019,6,8,2069,1654,1221,993,766
159947,3018,7,6,2029,1654,1262,931,732
160647,3018,7,7,1652,1654,1244,894,763
161347,3018,6,8,2076,1654,1211,956,688
162047,3018,6,7,2037,1653,1255,1050,749
162747,3018,7,7,1652,1653,1257,956,819
163448,3020,6,8,2085,1654,1201,908,748
164148,3019,6,8,2043,1654,1246,956,687
164845,3018,7,6,1653,1654,1275,918,677
165545,3018,6,7,2100,1654,1203,967,658
166252,3019,6,8,2047,1654,1242,936,671
166992,3018,7,7,1653,1653,1245,969,665
167704,3019,6,8,2052,1654,1238,934,673
168406,3018,7,6,1645,1654,1278,986,661
169105,3018,6,6,1652,1654,1216,935,749
169804,3019,6,8,2058,1654,1230,912,771
170504,3018,7,4,2021,1654,1269,897,700
171202,3018,7,3,1652,1654,1229,897,666
171902,3019,6,9,2067,1654,1221,888,647
172602,3017,6,6,2028,1654,1262,882,705
173305,3018,7,7,1652,1653,1240,891,663
174015,3019,6,8,2072,1654,1222,887,645
174735,3018,7,6,1653,1654,1279,890,628
175436,3018,6,7,1827,1653,1210,881,625
176135,3019,6,8,2054,1654,1235,960,616
176834,3018,7,6,2020,1655,1273,1063,645
177535,3018,6,6,1653,1654,1222,1043,774
178234,3019,6,8,2062,1654,1227,968,825
178933,3018,7,6,2025,1650,1266,1061,749
179631,3019,7,7,1653,1654,1239,979,822
180329,3019,6,8,2074,1652,1214,927,759
181028,3018,7,7,2036,1653,1256,968,776
181726,3018,7,6,1653,1654,1258,995,726
182425,3019,6,7,2086,1653,1199,1001,715
183124,3019,6,8,2046,1654,1246,926,709
183823,3018,6,6,1653,1654,1282,1051,676
184522,3018,6,6,2028,1653,1208,957,715
185221,3019,7,8,2054,1654,1236,975,698
185937,3017,7,6,1941,1654,1274,1068,766
186641,3018,6,7,2098,1653,1202,1035,766
187373,3018,6,7,2024,1654,1268,959,819
188074,3019,7,7,1652,1653,1234,924,816
188774,3018,6,8,2069,1654,1221,975,726
189489,3018,7,6,2020,1654,1273,1067,708
190189,3019,7,7,1652,1654,1225,978,805
190886,3017,6,8,2065,1654,1224,930,742
191585,3018,7,7,2028,1653,1264,1045,769
192284,3018,7,6,1653,1653,1244,948,759
192996,3018,6,8,2065,1654,1224,989,783
193712,3018,7,6,2023,1654,1272,936,741
194415,3018,7,7,1653,1653,1214,905,698
195116,3019,6,8,2057,1654,1233,898,736
195816,3018,7,7,2019,1654,1272,1032,678
196775,3019,8,7,1958,1654,1405,1009,777
197558,3019,7,7,1760,1653,1556,1133,742
198370,3019,7,7,1931,1654,1338,1102,777
199176,3019,6,8,2023,1654,1266,1056,858
200101,3019,6,6,1853,1654,1278,967,879
201021,3020,6,8,2061,1654,1239,1002,772
201876,3019,7,6,1644,1654,1279,1086,739
203071,3020,6,6,1652,1655,1279,1054,829
203865,3018,7,6,1653,1653,1239,973,860
204635,3018,6,6,1653,1653,1282,925,776
205406,3019,7,7,2032,1654,1261,898,716
206181,3019,6,9,2053,1653,1240,897,743
206957,3020,6,8,2069,1654,1221,962,688
207775,3018,6,8,2074,1654,1213,993,752
208579,3019,6,8,2078,1654,1214,1008,794
209367,3019,6,6,2087,1653,1200,1006,824
210151,3018,7,6,1654,1654,1219,946,835
210887,3018,6,6,2023,1653,1269,912,747
211617,3019,6,8,2080,1653,1208,891,689
212339,3017,7,6,1769,1654,1277,959,649
213050,3017,6,6,2096,1654,1202,916,661
213877,3018,7,7,1650,1654,1218,897,719
214689,3019,6,9,2058,1652,1231,902,743
215532,3019,6,8,2032,1654,1258,962,686
216346,3019,6,8,2034,1653,1252,1051,682
217163,3019,3,9,2084,1654,1213,969,786
218004,3019,6,7,2078,1653,1221,925,803
218846,3019,6,8,2092,1654,1213,973,721
219775,3020,7,8,2065,1654,1208,929,700
220654,3019,6,6,2021,1654,1272,975,676
221578,3019,6,7,1653,1653,1214,996,681
222407,3019,4,8,2086,1654,1216,940,768
223316,3018,7,6,1661,1654,1280,1056,782
224204,3018,7,6,1650,1654,1282,974,769
225140,3019,7,7,1654,1653,1201,919,796
225953,3019,7,8,2076,1654,1213,901,714
226884,3019,7,8,2064,1653,1273,893,670
227861,3018,6,8,2075,1653,1218,887,644
228785,3019,7,6,1652,1655,1269,885,628
229660,3019,6,8,2070,1654,1219,886,620
230577,3019,6,8,2070,1654,1223,886,688
231455,3018,6,8,2068,1654,1225,962,649
232293,3020,7,9,2042,1653,1255,915,666
233330,3019,7,9,1652,1654,1261,1035,666
234250,3019,6,8,2043,1654,1266,1094,763
235154,3019,6,6,2079,1653,1217,986,842
236187,3019,7,6,2111,1654,1186,921,769
237152,3020,6,9,2036,1654,1256,1036,710
237852,3018,7,6,2013,1653,1277,1035,726
238542,3018,7,6,1654,1654,1238,1036,733
239230,3019,6,9,2065,1654,1224,1032,732
239918,3018,7,6,2028,1654,1264,956,802
240606,3018,7,7,1653,1654,1251,1051,736
241294,3018,6,8,2075,1653,1212,968,811
241981,3018,6,8,2036,1653,1253,915,746
242668,3018,7,7,1652,1654,1271,1036,689
243354,3019,6,7,2094,1654,1206,1026,785
244042,3019,7,8,2048,1655,1241,962,825
244730,3018,7,6,1652,1654,1278,921,750
245419,3018,6,7,1653,1653,1221,899,694
246106,3018,6,9,2057,1654,1230,898,656
246794,3018,3,6,2021,1654,1271,888,648
247510,3018,7,6,1653,1654,1228,963,630
248216,3019,6,8,2085,1654,1210,924,656
248952,3018,7,6,1652,1654,1262,901,653
249651,3019,6,8,2072,1654,1221,898,709
250343,3018,6,7,2028,1654,1262,888,669
251032,3018,7,6,1653,1654,1247,946,648
251719,3019,6,8,2074,1654,1214,914,654
252408,3018,7,8,2032,1654,1257,963,652
253122,3018,7,7,1652,1654,1228,997,737
253811,3019,6,8,2059,1655,1230,949,719
254498,3018,7,6,2023,1652,1269,984,694
255188,3018,7,6,1653,1654,1239,940,693
255875,3019,6,8,2069,1655,1221,909,672
256564,3018,7,7,2028,1654,1262,893,659
257225,3018,7,6,1653,1654,1278,887,710
257921,3018,7,6,1660,1653,1213,956,669
258626,3019,6,8,2040,1654,1251,1048,738
259314,3018,7,6,1653,1654,1277,1040,746
260000,3018,6,6,2094,1654,1208,962,811
260688,3019,7,8,2050,1653,1241,905,813
261374,3018,7,6,1735,1653,1277,965,793
262061,3017,7,4,1653,1654,1227,998,808
262748,3019,6,8,2061,1654,1228,1014,827
263435,3018,7,6,2025,1652,1267,942,774
264123,3018,7,7,1653,1654,1244,970,789
264810,3018,6,9,2073,1654,1216,996,731
265497,3018,6,7,2034,1653,1257,1069,791
266203,3018,7,7,1653,1653,1236,979,846
266892,3019,6,8,2067,1654,1222,1004,771
267657,3018,6,8,2101,1654,1208,1009,811
268362,3019,7,6,1652,1654,1238,954,760
269085,3019,7,8,2053,1652,1241,924,719
269797,3018,7,6,1652,1654,1250,965,687
270510,3019,7,8,2056,1654,1236,934,681
271213,3019,6,6,1652,1654,1284,910,672
271914,3018,6,7,2085,1652,1201,963,653
272636,3018,7,6,2019,1654,1274,921,737
273341,3019,6,7,1976,1654,1207,898,763
274043,3019,8,8,2041,1654,1253,953,693
274744,3018,7,6,1653,1653,1252,907,680
275447,3019,6,8,2065,1655,1227,904,652
276159,3017,7,6,1647,1654,1284,901,644
276867,3018,6,7,2084,1654,1202,885,705
277595,3018,6,6,2017,1654,1275,1028,656
278301,3018,7,7,1653,1654,1225,1031,697
279004,3018,6,9,2063,1654,1227,959,783
279706,3018,6,7,2025,1652,1267,1061,797
280407,3018,7,6,1652,1654,1240,985,780
281107,3019,6,8,2076,1653,1212,931,736
281809,3018,7,8,2036,1654,1253,901,698
282509,3018,7,6,1653,1654,1263,959,664
283211,3019,6,7,2087,1654,1196,912,667
283913,3019,6,8,2047,1654,1242,1025,653
284614,3018,7,6,1654,1653,1279,953,761
285314,3018,6,7,1653,1654,1216,989,711
286017,3019,6,8,2058,1654,1231,937,700
286720,3019,7,6,2021,1654,1271,984,677
287439,3018,7,7,2008,1654,1208,998,687
288141,3018,7,8,2053,1653,1235,949,765
288846,3014,7,6,2020,1653,1274,913,711
289569,3019,6,6,2087,1654,1195,959,678
290271,3019,6,8,2046,1653,1245,905,746
290974,3018,7,6,1653,1654,1283,974,686
291676,3018,6,7,1763,1654,1210,925,755
292393,3018,6,9,2056,1653,1244,1031,702
293098,3018,7,6,1653,1654,1274,956,716
293800,3018,7,7,2100,1654,1201,984,700
294501,3019,6,9,2051,1654,1238,941,695
295202,3018,7,6,1702,1654,1275,909,680
295903,3018,6,6,1653,1653,1222,896,663
296604,3019,6,8,2064,1654,1224,894,641
297310,3018,6,7,2026,1654,1267,1026,702
298011,3018,7,7,1653,1653,1236,1013,785
298713,3019,6,7,2074,1655,1216,1018,821
299414,3018,6,7,2034,1654,1256,942,768
300115,3018,7,7,1653,1654,1257,902,715
300815,3020,6,6,2087,1653,1196,890,744
301517,3019,3,8,2046,1654,1245,899,681
302218,3018,7,6,1653,1653,1282,894,659
302921,3017,6,7,1763,1653,1210,958,714
303622,3020,6,8,2057,1653,1234,923,691
304324,3018,7,6,2020,1654,1272,1042,666
305025,3018,7,7,1653,1654,1227,1035,775
305736,3019,6,8,2059,1654,1230,959,752
306437,3019,7,6,2024,1655,1268,987,710
307142,3018,7,7,1653,1654,1233,947,703
307854,3020,6,8,2064,1654,1228,991,753
308581,3018,7,6,1653,1654,1280,937,794
309292,3019,6,7,2091,1654,1197,975,720
310015,3018,6,6,2030,1654,1264,995,706
310716,3018,7,7,1653,1652,1246,1002,703
311420,3019,6,8,2078,1653,1212,937,708
312136,3018,7,8,2036,1653,1253,1042,681
312840,3018,7,6,1652,1653,1238,967,714
313541,3018,6,8,2074,1654,1214,925,693
314243,3017,6,7,2035,1654,1257,1034,738
314944,3018,7,6,1653,1654,1257,1091,739
315645,3019,6,8,2086,1653,1197,973,763
316347,3019,6,8,2046,1653,1245,940,720
317066,3018,6,6,1653,1654,1280,985,694
317770,3019,6,8,2080,1654,1206,925,768
318472,3018,7,8,2040,1654,1251,1035,711
319173,3015,7,6,1652,1654,1271,1025,726
319874,3018,6,7,2096,1653,1202,1017,725
320576,3019,6,8,2050,1653,1239,953,792
321279,3018,7,6,1645,1655,1277,990,727
321980,3018,7,6,1653,1654,1218,937,785
322682,3019,6,9,2059,1654,1229,915,720
323385,3018,7,6,2024,1655,1268,897,677
324085,3018,7,7,1653,1653,1234,1014,656
324787,3019,6,8,2072,1654,1217,946,759
325489,3018,6,6,2031,1654,1258,904,706
326193,3018,6,6,1653,1653,1250,882,673
326896,3019,6,8,2079,1653,1210,877,638
327603,3019,6,7,2031,1653,1260,876,621
328291,3018,7,6,1653,1654,1273,879,620
328980,3018,7,7,1652,1653,1222,888,612
329681,3019,6,8,2061,1654,1225,960,684
330382,3018,7,6,2023,1654,1266,918,754
331073,3018,7,7,1653,1653,1256,896,694
331776,3018,6,7,2098,1655,1206,958,659
332467,3019,7,8,2048,1654,1240,908,667
333155,3018,7,6,2020,1655,1269,894,721
333857,3018,7,7,1652,1654,1235,967,676
334546,3019,6,8,2079,1653,1205,920,680
335234,3019,7,9,2050,1653,1239,958,659
335923,3018,7,6,2023,1655,1267,913,739
336611,3018,6,6,1653,1653,1256,1032,687
337343,3019,6,7,2100,1655,1224,959,713
338051,3018,6,7,2023,1655,1271,921,693
338762,3018,7,7,1653,1655,1221,978,739
339467,3019,6,8,2056,1654,1231,932,781
340167,3018,7,6,2021,1655,1269,1048,713
340877,3018,6,6,1653,1654,1223,971,800
341578,3019,6,8,2063,1654,1225,1002,742
342278,3017,7,6,2026,1653,1264,1076,728
342978,3018,7,6,1653,1654,1245,1108,820
343689,3018,6,9,2073,1655,1219,1067,808
344396,3019,7,7,2031,1654,1260,964,853
345100,3019,7,7,1653,1654,1238,1051,837
345803,3019,6,9,2073,1654,1216,965,859
346504,3018,6,7,2035,1654,1256,986,836
347383,3019,7,7,1647,1653,1288,938,763
348104,3019,6,8,2080,1654,1203,902,706
348804,3019,7,8,2041,1654,1247,884,664
349510,3018,7,6,1653,1654,1282,890,709
350240,3020,6,8,2068,1655,1221,890,664
350942,3018,7,7,2031,1654,1261,952,647
351642,3018,7,6,1653,1654,1251,908,656
352346,3019,6,8,2080,1654,1207,964,652
353048,3018,6,8,2040,1653,1252,915,737
353749,3018,8,6,1653,1653,1267,973,689
354450,3019,6,7,2092,1654,1200,920,688
355150,3018,6,8,2052,1654,1240,910,666
355850,3018,7,6,1663,1655,1275,973,653
356550,3018,7,7,1653,1654,1222,927,672
357250,3019,6,8,2064,1654,1218,907,664
357954,3017,7,7,2032,1653,1260,1031,719
358671,3018,7,7,1653,1653,1223,960,728
359374,3019,6,7,2062,1656,1225,995,698
360074,3018,7,6,2028,1652,1264,934,699
360774,3018,7,8,1653,1654,1242,967,675
361473,3019,6,8,2078,1654,1208,920,749
362173,3018,6,8,2039,1653,1251,1035,695
362872,3018,8,6,1652,1653,1274,1028,719
363572,3018,6,7,2091,1653,1206,953,722
364272,3018,7,8,2054,1654,1235,926,695
364970,3018,7,6,2019,1654,1273,901,743
365671,3018,7,6,1653,1653,1230,894,688
366371,3019,6,8,2069,1654,1221,891,661
367073,3018,6,7,2034,1654,1260,884,641
367772,3018,7,7,1653,1654,1252,875,633
368472,3019,6,8,2084,1654,1201,946,625
369172,3019,6,8,2043,1654,1246,979,642
369876,3018,7,6,1653,1654,1279,935,738
370590,3019,6,8,2083,1654,1202,973,693
371290,3018,7,8,2045,1654,1246,940,760
371992,3017,7,7,1653,1653,1280,910,710
372693,3017,6,7,2069,1653,1207,962,677
373393,3018,6,8,2053,1654,1235,1000,678
374095,3018,7,6,2020,1655,1273,1015,692
374795,3019,7,7,1653,1653,1227,949,777
375496,3018,6,8,2067,1654,1223,923,717
376206,3018,7,6,2023,1654,1268,1039,682
376907,3018,8,6,1653,1654,1235,964,782
377633,3019,6,8,2051,1654,1240,979,735
378333,3018,7,7,1700,1655,1274,1006,785
379034,3018,6,7,1653,1654,1224,1019,748
379732,3019,6,8,2067,1655,1223,1024,804
380434,3018,6,7,2026,1653,1263,1023,761
381134,3018,7,7,1652,1654,1247,1080,814
381834,3019,6,8,2079,1654,1207,980,862
382533,3018,7,8,2041,1654,1249,990,774
383233,3018,7,6,1653,1654,1277,1076,735
383945,3018,6,7,2087,1654,1196,970,822
384653,3019,7,8,2046,1654,1245,1056,820
385359,3017,7,6,1653,1654,1261,1032,855
386064,3019,6,8,2085,1654,1197,1019,866
386764,3019,6,6,2043,1654,1246,1013,789
387465,3018,7,6,1653,1655,1278,1091,754
388164,3019,6,7,1653,1654,1213,1054,838
388864,3019,6,8,2059,1654,1231,971,866
389564,3018,7,6,2024,1653,1266,1063,843
390268,3018,7,7,1653,1655,1235,984,802
390983,3018,6,9,2059,1654,1230,935,747
391703,3018,7,6,2023,1654,1268,904,774
392404,3018,6,7,1888,1653,1210,963,698
393105,3018,7,8,2057,1654,1233,998,683
393805,3018,7,6,2021,1655,1271,1080,698
394504,3018,7,7,1653,1654,1231,1054,805
395204,3019,6,8,2073,1655,1216,1040,778
395904,3018,6,6,2034,1653,1258,1028,829
396603,3018,7,6,1652,1654,1257,1090,849
397308,3019,6,6,2085,1654,1203,980,884
398007,3019,6,8,2043,1654,1246,915,783
398709,3018,7,6,1653,1654,1279,899,708
399409,3018,6,7,1909,1654,1210,891,666
400109,3019,6,8,2056,1654,1234,1009,643
400807,3018,7,6,2021,1655,1268,1012,750
401507,3018,7,6,1653,1654,1235,951,732
402207,3019,6,8,2074,1655,1217,914,697
402906,3018,6,7,2035,1654,1256,962,665
403606,3018,7,7,1653,1654,1260,1056,744
404306,3019,6,6,2087,1654,1196,959,819
405005,3019,6,8,2048,1653,1241,908,748
405705,3018,7,6,1644,1655,1277,1035,760
406405,3018,7,7,1653,1654,1219,960,818
407106,3019,6,8,2062,1655,1225,925,748
407805,3018,6,6,2029,1654,1262,903,695
408510,3019,7,6,1654,1654,1241,971,663
409222,3019,6,8,2064,1656,1224,926,676
409940,3018,7,6,1714,1655,1275,980,660
410652,3018,6,7,1787,1654,1211,929,678
411468,3018,7,8,2042,1654,1249,967,735
412177,3019,6,8,2048,1654,1241,1004,780
412878,3018,7,6,1652,1654,1279,947,742
413578,3018,6,7,1653,1654,1217,986,704
414278,3019,6,8,2061,1654,1228,1007,772
414979,3018,7,6,2024,1654,1267,1080,813
415680,3018,7,7,1653,1654,1238,1103,859
416380,3017,6,8,2073,1654,1213,986,894
417084,3018,7,7,2035,1654,1253,996,865
417782,3019,7,7,1653,1654,1258,1072,855
418483,3020,6,7,2086,1654,1196,1037,879
419183,3018,6,8,2046,1653,1244,943,875
419883,3018,7,6,1652,1655,1279,1056,764
420583,3018,6,7,1652,1654,1218,969,827
421284,3019,6,8,2059,1654,1229,926,750
421984,3018,7,6,2024,1653,1267,1043,704
422685,3019,7,7,1653,1653,1239,1042,794
423385,3018,6,8,2073,1655,1214,1030,768
424086,3017,6,7,2035,1654,1253,945,750
424785,3019,7,3,1652,1654,1262,905,703
425485,3018,6,7,2089,1654,1200,881,664
426185,3019,7,8,2048,1654,1241,868,644
426884,3018,7,4,1644,1654,1275,876,620
427606,3019,6,7,2085,1654,1194,874,611
428307,3019,7,8,2046,1654,1245,1007,678
429018,3018,7,6,1652,1653,1269,940,765
429725,3019,7,6,2089,1654,1201,909,783
430433,3019,7,8,2043,1654,1247,1029,776
431158,3018,7,6,1652,1655,1236,1032,755
431863,3019,6,8,2067,1654,1222,956,746
432565,3018,6,6,2029,1655,1262,990,704
433279,3018,7,7,1653,1654,1229,938,704
433979,3019,6,8,2070,1655,1219,916,753
434680,3018,7,6,2032,1653,1258,894,765
435379,3018,7,6,1653,1654,1256,1025,691
436079,3019,6,8,2085,1654,1199,942,711
436781,3019,6,8,2045,1654,1246,970,682
437481,3018,7,6,1654,1655,1279,930,682
438181,3019,6,6,1653,1654,1213,978,667
438881,3019,6,8,2059,1654,1231,1004,680
439581,3019,7,6,2023,1654,1268,1015,765
440280,3018,7,6,1653,1654,1240,936,814
440980,3018,6,8,2075,1655,1213,980,730
441679,3017,7,8,2036,1654,1255,998,713
442379,3018,8,7,1653,1654,1267,938,780
443079,3019,6,6,2092,1654,1201,899,717
443778,3019,6,8,2050,1654,1239,879,676
444478,3019,7,6,1699,1655,1275,880,641
445178,3018,7,6,1653,1655,1225,884,622
445878,3019,7,9,2064,1655,1224,884,691
446586,3018,7,6,2021,1655,1269,1021,649
447289,3018,6,7,1652,1655,1231,1025,692
447989,3019,6,8,2069,1655,1218,959,711
448689,3018,6,7,2032,1654,1258,914,763
449389,3018,7,6,1653,1653,1256,891,704
450088,3019,6,6,2085,1654,1197,880,658
450791,3018,7,9,2047,1654,1245,1012,703
451524,3019,7,7,1653,1654,1233,954,781
452230,3019,6,8,2064,1655,1224,925,721
452931,3018,6,6,2030,1654,1262,969,754
453631,3018,7,7,1652,1653,1247,915,791
454331,3019,6,8,2079,1655,1207,969,709
455031,3018,7,7,2040,1653,1249,913,697
455731,3018,7,6,1653,1654,1274,901,665
456433,3018,6,6,2097,1654,1203,884,715
457134,3019,6,8,2051,1654,1238,890,660
457835,3018,7,7,1652,1654,1257,1024,637
458538,3019,6,8,2073,1654,1216,952,684
459254,3017,6,6,2025,1653,1267,910,677
459956,3018,7,6,1653,1654,1240,978,728
460656,3019,6,8,2076,1653,1212,925,706
461356,3018,6,8,2036,1654,1253,970,681
462058,3018,8,6,1652,1653,1263,923,753
462757,3018,6,7,2091,1653,1200,896,694
463457,3019,7,9,2050,1653,1240,897,663
464158,3018,7,6,1675,1654,1275,890,649
464858,3018,6,7,1653,1654,1222,886,632
465557,3018,6,9,2063,1655,1225,893,621
466259,3018,6,6,2028,1653,1266,881,623
466958,3018,7,6,1653,1653,1247,870,616
467681,3019,7,9,2059,1654,1230,887,682
468382,3019,7,6,2023,1655,1268,954,652
469084,3018,7,7,1652,1654,1236,921,659
469787,3019,6,8,2070,1654,1218,909,649
470488,3018,6,7,2031,1654,1260,892,711
471208,3018,7,6,1653,1654,1231,963,736
471925,3019,6,9,2053,1653,1236,931,706
472627,3018,7,6,1719,1654,1275,909,750
473326,3019,7,4,1652,1654,1227,902,688
474026,3019,6,8,2065,1655,1223,965,663
474727,3018,6,6,2029,1654,1263,1058,673
475427,3018,7,7,1653,1653,1247,980,719
476127,3019,6,8,2080,1653,1206,926,709
476827,3018,6,8,2040,1654,1249,896,748
477537,3018,7,6,1654,1654,1285,1036,682
478237,3018,6,7,1652,1654,1217,954,780
478937,3019,6,10,2058,1653,1229,996,728
479649,3018,7,6,2018,1654,1274,938,786
480359,3018,7,7,1653,1654,1223,918,726
481065,3018,7,7,2054,1653,1236,979,683
481775,3018,8,6,1653,1654,1280,1007,686
482477,3018,6,6,1775,1654,1211,943,702
483176,3018,7,8,2057,1653,1233,915,677
483877,3018,7,6,2023,1654,1269,894,665
484575,3018,7,7,1653,1654,1235,894,649
485274,3018,6,8,2074,1655,1214,958,633
485975,3018,6,8,2036,1654,1256,987,722
486674,3019,7,7,1653,1653,1263,1070,781
487376,3019,6,7,2095,1654,1199,1040,775
488077,3019,7,9,2051,1654,1239,969,758
488777,3018,6,6,1650,1655,1277,997,721
489478,3019,6,6,1653,1654,1221,937,786
490178,3019,7,9,2063,1654,1227,920,725
491081,3019,6,8,2091,1653,1211,968,753
491816,3019,7,7,1653,1654,1218,998,787
492521,3019,6,8,2063,1653,1228,942,813
493223,3018,7,6,2023,1655,1269,980,741
493922,3018,7,7,1652,1655,1231,938,714
494623,3018,6,8,2067,1655,1221,916,753
495324,3018,7,6,2029,1654,1263,971,766
496023,3018,7,7,1653,1654,1246,915,794
496723,3019,7,8,2075,1654,1211,903,713
497444,3018,6,7,2048,1654,1246,1018,671
498146,3019,7,6,1652,1654,1247,936,769
498849,3019,6,8,2078,1653,1208,907,708
499549,3018,6,8,2035,1653,1253,888,675
500249,3019,7,7,1653,1654,1262,1023,716
500950,3019,6,6,2084,1654,1200,946,789
501650,3019,7,8,2043,1654,1247,979,722
502349,3017,8,6,1652,1655,1280,935,708
