Time (us),Signal 0,Signal 1,Signal 2,Signal 3,Signal 4,Signal 5,Signal 6,Signal 7
1522,3019,7,3024,1652,1418,1648,1284,0
2888,3019,7,3025,1653,1327,1648,1233,1004
3988,3020,7,3024,1652,1256,1648,1208,1023
5051,3019,7,3024,1653,1240,1648,1269,946
6117,3019,6,3025,1654,1236,1648,1229,1054
7207,3019,7,3025,1654,1242,1648,1211,968
8264,3019,7,3024,1653,1236,1648,1344,992
9359,3019,7,3024,1653,1238,1648,1402,967
10638,3019,7,3024,1652,1257,1648,1290,979
11813,3019,7,3024,1653,1273,1648,1238,935
12879,3019,7,3024,1653,1244,1648,1213,914
13936,3019,7,3025,1653,1239,1649,1277,902
14995,3019,7,3024,1652,1239,1648,1230,896
16046,3019,7,3024,1991,1216,1649,1208,902
17049,3018,6,3024,1653,1118,1647,1196,897
18076,3019,6,3026,2061,1268,1649,1190,879
19079,3018,6,3024,2180,1172,1650,1190,945
20130,3019,6,3024,1652,1114,1649,1264,901
21248,3019,6,3026,2039,1285,1649,1225,959
22252,3019,6,3024,2181,1174,1650,1278,923
23246,3020,6,3024,2195,1162,1650,1234,1047
24303,3020,4,3024,1653,1113,1648,1211,976
25363,3019,6,3026,2058,1269,1648,1336,923
26345,3019,6,3025,2224,1144,1650,1399,932
27510,3020,6,3025,2113,1227,1649,1361,962
28958,3020,7,3025,2112,1223,1649,1273,958
30510,3019,7,3026,2101,1235,1649,1300,995
31941,3020,6,3026,2086,1234,1649,1382,949
33333,3019,7,3024,1652,1203,1648,1423,964
34758,3019,6,3026,2108,1231,1649,1305,1124
35985,3019,7,3024,1653,1217,1321,1321,1018
37442,3021,6,3025,2112,1229,1649,1323,971
38597,3020,6,3025,2113,1228,1650,1391,947
39752,3020,6,3026,2111,1228,1649,1357,968
40920,3019,6,3026,2118,1222,1650,1268,1102
42221,3019,7,3024,2103,1234,1650,1368,1064
43370,3020,6,3026,2109,1231,1649,1416,1013
44520,3020,6,3025,2109,1231,1649,1299,1008
45671,3020,6,3025,2109,1230,1649,1385,1028
46823,3020,6,3026,2108,1231,1649,1285,1004
47976,3021,6,3025,2109,1231,1650,1379,1023
49128,3020,6,3026,2109,1230,1649,1280,1135
50278,3020,6,3026,2111,1230,1649,1229,1008
51488,3019,7,3024,1653,1201,1649,1210,956
52613,3018,7,3024,1652,1201,1649,1196,921
53750,3019,7,3024,1653,1186,1649,1194,899
54885,3018,7,3025,1653,1197,1648,1190,885
56017,3019,7,3024,1653,1199,1649,1264,879
57223,3019,7,3025,2126,1218,1648,1295,880
58419,3019,7,3024,1653,1199,1648,1380,892
59578,3019,6,3024,1653,1196,1648,1284,1073
60692,3018,7,3024,1653,1205,1648,1305,979
61840,3018,7,3024,1652,1200,1648,1247,945
62984,3018,7,3024,1653,1205,1648,1289,973
64305,3018,7,3024,1653,1212,1649,1238,1075
65455,3019,7,3025,1653,1206,1648,1216,991
66589,3019,7,3025,1654,1201,1647,1200,1006
67741,3019,7,3024,1652,1202,1648,1195,934
68891,3019,4,3024,1653,1203,1648,1332,896
70037,3019,7,3024,1653,1203,1648,1258,1054
71208,3019,7,3024,1653,1194,1648,1221,960
72357,3019,7,3024,1653,1195,1648,1279,920
73485,3018,7,3024,1650,1194,1648,1230,907
74613,3018,7,3024,1653,1199,1649,1354,899
75737,3019,7,3024,1653,1196,1648,1409,926
76870,3018,7,3025,1652,1196,1648,1297,1098
78130,8,6,3026,1682,1352,1986,1356,1067
79617,7,7,3026,1654,1239,2091,1644,1084
80903,7,7,3024,1653,1230,2101,1572,1278
81844,7,6,3026,1653,1236,2103,1542,1201
82516,7,6,3024,1650,1199,1649,1503,1294
83212,7,6,3025,1654,1227,2113,1512,1317
83968,7,6,3025,1654,1227,2113,1588,1268
84644,7,7,3024,1652,1194,1649,1379,1201
85339,7,6,3026,1654,1225,2118,1456,1080
86014,7,7,3024,1653,1190,1649,1316,1131
86710,7,6,3025,1653,1221,2122,1421,1020
87384,7,7,3024,1653,1188,1649,1302,1012
88079,7,6,3025,1654,1219,2123,1634,1032
88753,7,7,3024,1652,1188,1649,1549,1247
89460,7,6,3025,1654,1222,2119,1754,1316
90315,7,7,3024,1652,1197,1648,1461,1437
91235,7,7,3024,1652,1194,1648,1322,1229
92119,7,6,3028,1654,1233,2107,1417,1146
92955,7,6,3024,1653,1200,1649,1297,1070
93696,7,7,3024,1652,1183,1648,1239,1058
94393,7,6,3025,1654,1219,2124,1390,975
95089,7,7,3024,1652,1199,1649,1285,1053
95782,7,6,3026,1653,1225,2119,1405,1113
96457,7,7,3024,1653,1189,1649,1438,1126
97152,7,7,3026,1654,1221,2123,1555,1210
97920,7,7,3025,1654,1224,2122,1757,1304
98676,7,7,3025,1653,1223,2122,1637,1432
99352,7,7,3024,1653,1188,1649,1478,1301
100046,7,6,3026,1654,1223,2124,1719,1315
100725,7,7,3024,1653,1190,1649,1593,1422
101419,7,6,3025,1654,1224,2122,1631,1279
102093,7,7,3024,1653,1186,1648,1401,1369
102789,7,6,3025,1654,1224,2123,1466,1249
103464,7,6,3023,1653,1186,1648,1326,1140
104156,7,6,3026,1654,1225,2123,1431,1031
104833,7,6,3024,1653,1185,1648,1305,1019
105588,7,7,3024,1652,1183,1649,1321,1106
106282,7,6,3025,1653,1223,2124,1428,1013
106957,7,6,3024,1650,1186,1649,1306,1087
107655,7,6,3026,1653,1223,2123,1494,995
108334,7,7,3023,1649,1189,1648,1335,1102
109029,7,6,3025,1654,1227,2122,1503,1090
109705,8,7,3024,1652,1188,1649,1417,1224
110432,7,7,3024,1653,1190,1649,1443,1180
111187,7,6,3025,1653,1233,2117,1559,1240
111863,6,7,3024,1652,1186,1648,1444,1249
112558,7,6,3025,1654,1224,2125,1484,1134
113232,7,7,3024,1653,1184,1648,1473,1170
113927,7,6,3026,1654,1223,2125,1499,1246
114602,7,7,3024,1653,1183,1648,1410,1155
115298,7,6,3026,1655,1224,2126,1473,1068
115972,7,7,3023,1653,1183,1649,1324,1134
116668,7,6,3026,1654,1223,2126,1501,1102
117342,7,7,3024,1652,1184,1648,1481,1085
118042,7,6,3026,1654,1225,2128,1509,1206
118799,7,6,3026,1655,1225,2126,1660,1214
119474,7,7,3023,1653,1185,1649,1420,1210
120169,7,7,3025,1654,1223,2128,1551,1177
120889,7,4,3026,1654,1238,2115,1534,1216
121565,7,7,3024,1652,1188,1649,1360,1299
122273,7,6,3026,1654,1197,2125,1443,1191
123100,7,7,3024,1653,1178,1648,1452,1102
123980,7,6,3025,1654,1230,2119,1637,1205
124809,7,7,3024,1653,1191,1648,1410,1195
125601,6,7,3023,1653,1194,1649,1296,1162
126369,7,7,3024,1654,1190,1649,1244,1032
127068,7,6,3025,1655,1223,2128,1531,1014
127744,7,6,3023,1653,1181,1649,1358,1195
128435,7,6,3026,1654,1222,2128,1663,1074
129110,7,7,3024,1652,1179,1647,1417,1141
129805,7,6,3026,1655,1222,2129,1548,1068
130435,7,7,3023,1653,1178,1648,1505,1087
131105,7,7,3024,1652,1186,1648,1343,1219
131801,7,6,3025,1654,1223,2126,1510,1076
132476,7,7,3024,1652,1180,1649,1487,1076
133171,7,6,3026,1655,1221,2128,1656,1207
133845,7,7,3024,1653,1179,1648,1556,1273
134541,7,6,3026,1655,1219,2126,1616,1332
135217,7,7,3024,1653,1178,1648,1394,1387
135962,7,7,3024,1654,1169,1648,1360,1175
136657,7,6,3025,1656,1217,2133,1521,1058
137353,8,2421,3025,1402,1656,1648,1351,1217
138105,7,2998,3025,1293,1656,1647,1264,1078
139021,7,3018,3025,1252,1656,1648,1223,1117
139778,6,3020,3025,1236,1656,1649,1208,1004
140473,7,3018,3028,1196,1653,2108,1582,1010
141144,7,3020,3025,1231,1656,1647,1451,1216
141841,7,3019,3028,1191,1654,2112,1483,1117
142517,7,3020,3025,1231,1658,1648,1333,1228
143213,7,3018,3028,1191,1652,2112,1567,1073
143889,7,3019,3025,1231,1658,1648,1514,1240
144586,7,3019,3028,1190,1653,2114,1515,1297
145260,7,3019,3025,1230,1658,1648,1344,1261
145956,7,3018,3028,1189,1654,2114,1505,1094
146631,7,3020,3025,1231,1658,1648,1340,1081
147326,7,3018,3028,1189,1653,2115,1647,1006
147997,7,3020,3024,1229,1658,1649,1415,1103
148697,7,3018,3028,1188,1653,2114,1539,1051
149509,7,3021,3026,1219,1659,1648,1361,1076
150394,7,3019,3029,1197,1653,2107,1586,1013
151245,6,3019,3026,1242,1658,1648,1384,1150
152133,7,3019,3028,1206,1653,2102,1446,1129
153035,7,3019,3028,1199,1653,2107,1483,1075
153706,7,3020,3025,1234,1658,1648,1330,1141
154404,7,3018,3028,1185,1654,2118,1428,1036
155081,7,3020,3025,1234,1656,1649,1307,1166
155778,7,3018,3028,1186,1652,2118,1415,1109
156453,6,3020,3025,1228,1658,1648,1296,1128
157150,7,3018,3028,1189,1653,2115,1485,1009
157825,7,3020,3025,1234,1658,1648,1332,1039
158527,7,3018,3028,1184,1653,2119,1501,981
159283,6,3018,3028,1184,1654,2122,1732,1025
159956,7,3020,3025,1231,1656,1648,1595,1286
160736,7,3020,3025,1241,1656,1647,1387,1351
161487,6,3020,3025,1227,1656,1648,1424,1156
162179,6,3018,3028,1183,1653,2122,1477,1219
162854,7,3020,3025,1231,1658,1649,1326,1210
163611,7,3021,3025,1229,1658,1649,1327,1203
164308,6,3018,3028,1179,1654,2125,1577,1059
164985,7,3020,3025,1231,1658,1648,1449,1101
165735,7,3018,3026,1225,1658,1649,1312,1059
166433,6,3018,3029,1175,1653,2128,1642,984
167108,9,3020,3025,1230,1656,1648,1406,1089
167804,7,3019,3028,1178,1653,2126,1542,1114
173217,7,3019,3025,920,1656,1648,1500,1250
174118,7,3020,3025,1178,1655,1648,1479,1156
175023,7,3019,3028,1192,1654,2118,1578,1242
176083,7,3021,3028,1175,1654,2129,1553,1257
177024,7,3019,3025,1190,1653,2120,1677,1180
177990,7,3019,3026,1199,1653,2111,1735,1200
178992,7,3019,7,1340,2002,1649,1455,1372
180052,7,3019,8,1233,1654,1648,1313,1194
180904,7,3020,7,1256,2085,1650,1391,1195
181778,7,3019,8,1221,1654,1648,1282,1085
182619,7,3020,6,1252,2092,1649,1376,1126
183502,8,3019,7,1216,1653,1648,1280,1045
184428,8,3019,4,1217,1653,1647,1229,967
185177,8,3019,8,1202,1653,1648,1205,1002
186013,6,3020,7,1241,2106,1650,1341,935
186870,7,3019,8,1207,1653,1648,1260,1075
187691,6,3020,7,1231,2111,1649,1294,969
188472,7,3020,7,1245,2102,1650,1311,931
189250,7,3019,7,1247,2102,1650,1319,1065
190027,7,3020,7,1250,2101,1649,1250,1133
190837,7,3019,7,1225,2123,1650,1289,991
191709,7,3019,7,1202,1653,1648,1379,941
192662,7,3020,7,1235,2117,1649,1354,1095
193433,6,3020,7,1242,2109,1649,1264,1159
194203,7,3020,7,1245,2108,1649,1223,1089
194989,7,3020,7,1246,2108,1649,1203,989
195937,6,3020,7,1247,2105,1649,1194,1001
196857,6,3020,7,1241,2113,1649,1333,936
197728,7,3019,7,1200,1653,1648,1400,1073
198776,7,3020,7,1247,2096,1649,1434,1169
200227,8,3019,7,1247,1653,1648,1448,1228
201505,7,3020,7,1195,1653,1648,1316,1264
202339,7,3019,7,1241,2113,1649,1252,1090
203413,6,3020,7,1199,1653,1649,1216,973
204489,7,3019,7,1213,1653,1649,1273,925
205324,7,3020,7,1240,2112,1649,1231,901
206182,8,3019,7,1195,1653,1649,1206,968
206974,6,3020,7,1216,2134,1650,1273,992
207927,6,3023,7,1653,1945,1368,1186,938
208816,3007,3021,7,1658,1653,1249,1158,897
209965,3019,3021,7,1653,2078,1255,1084,936
210735,3018,3021,7,1654,2087,1247,967,923
211499,3018,3021,7,1653,2095,1240,1006,796
212225,3019,3023,7,1652,2111,1228,952,749
212913,3019,3020,4,1656,1653,1186,974,708
213574,3018,3021,6,1653,2109,1230,1003,697
214256,3019,3021,8,1658,1654,1183,929,776
214916,3018,3021,6,1653,2111,1228,982,782
215597,3019,3021,7,1658,1653,1183,918,738
216258,3018,3021,7,1653,2113,1227,902,758
216940,3019,3020,8,1655,1653,1180,879,689
217600,3018,3021,6,1652,2113,1228,888,649
218281,3019,3020,8,1656,1653,1179,866,631
218942,3018,3021,7,1652,2115,1227,882,614
219625,3019,3021,8,1656,1653,1178,869,610
220384,3019,3020,8,1656,1653,1177,855,677
221058,3018,3021,6,1650,2115,1229,948,631
221751,3019,3020,8,1658,1653,1175,898,650
222425,3018,3021,7,1652,2119,1227,964,637
223122,3019,3021,8,1655,1653,1170,973,726
223793,3019,3021,7,1652,2124,1223,930,775
224490,3019,3020,8,1656,1653,1170,886,713
225164,3018,3021,6,1652,2123,1222,960,671
225860,3019,3021,7,1656,1652,1169,905,673
226535,3018,3021,7,1652,2123,1222,968,654
227304,3018,3021,6,1653,2123,1222,998,666
228179,3019,3021,8,1655,1653,1178,923,755
229031,3018,3023,6,1650,2113,1228,979,700
229907,3019,3021,8,1654,1652,1178,918,765
230755,3019,3021,6,1653,2115,1221,901,704
231531,3019,3023,7,1650,2119,1224,964,663
232317,3019,3023,6,1652,2118,1225,1000,739
233079,3018,3021,6,1653,2128,1219,942,792
233773,3019,3021,8,1654,1653,1167,888,725
234444,3018,3021,6,1653,2133,1213,881,669
235141,3019,3020,7,1754,1903,1278,886,636
235817,3018,7,7,1653,1654,1312,899,631
236679,3020,6,8,2068,1654,1222,965,627
237439,3019,6,8,2092,1654,1201,921,658
238114,3019,7,6,1653,1654,1235,912,653
238816,3019,6,8,2105,1654,1194,892,714
239492,3018,7,6,1653,1653,1233,896,667
240197,3019,6,8,2112,1654,1185,948,652
240975,3020,6,8,2103,1654,1190,904,656
241665,3018,7,6,1654,1654,1229,969,650
242359,3019,6,8,2105,1654,1189,985,738
243035,3018,8,6,1653,1653,1230,943,714
243730,3018,6,8,2115,1654,1181,968,688
244405,3018,7,6,1654,1653,1229,927,683
245155,3019,7,6,1653,1654,1223,905,663
245851,3019,6,8,2123,1655,1174,876,652
246526,3017,7,6,1653,1654,1225,881,700
247222,3019,6,8,2122,1654,1175,935,660
247896,3018,7,6,1654,1654,1224,980,726
248592,3019,6,8,2123,1654,1173,916,710
249267,3018,7,6,1653,1654,1224,907,744
249962,3019,6,8,2124,1654,1172,874,758
250652,3019,7,6,1653,1654,1233,934,753
251392,3019,7,6,1654,1654,1216,979,774
252089,3019,6,8,2128,1654,1168,979,803
252766,3019,7,6,1653,1653,1219,927,747
253462,3019,6,8,2126,1654,1169,957,770
254138,3017,7,6,1653,1654,1218,990,717
254835,3019,6,8,2129,1654,1166,981,780
255511,3017,7,6,1653,1654,1217,929,805
256207,3019,6,8,2130,1654,1164,956,731
256881,3018,6,6,1653,1655,1214,989,770
257578,3020,6,8,2133,1654,1163,913,730
258258,3019,7,2207,1653,1395,1649,1054,688
259034,3018,7,2998,1653,1279,1648,1195,726
259978,3018,7,3024,1652,1236,1649,1194,797
260768,3014,7,3023,1653,1221,1648,1190,837
261643,3019,6,3025,2087,1252,1650,1261,847
262490,3019,6,3024,1653,1212,1649,1222,1004
263286,3019,7,3024,1653,1210,1649,1208,1018
264154,3020,6,3025,2095,1247,1650,1269,946
264920,3020,6,3025,2105,1236,1650,1225,912
265838,3019,6,3026,2101,1242,1652,1282,898
266602,3018,6,3025,2107,1238,1650,1236,898
267351,3018,6,3023,2111,1233,1650,1210,970
268111,3020,4,3025,2113,1236,1650,1341,919
268788,3018,7,3024,1653,1189,1649,1406,932
269483,3020,8,3025,2117,1233,1652,1295,1103
270159,3018,7,3024,1653,1190,1648,1385,1069
270855,3019,6,3025,2118,1230,1650,1360,1024
271527,3019,7,3024,1652,1183,1649,1271,991
272222,3018,6,3025,2122,1229,1650,1231,1010
272894,3018,7,3024,1652,1181,1649,1280,954
273590,3019,7,3025,2125,1227,1650,1236,919
274266,3019,7,3024,1653,1184,1648,1352,912
274962,3019,6,3025,2125,1227,1649,1264,1068
275637,3018,6,3024,1650,1181,1649,1297,969
276332,3019,6,3025,2126,1224,1649,1238,932
277006,3019,7,3024,1653,1180,1649,1289,892
277702,3019,6,3025,2129,1244,1750,1417,898
278376,7,7,3024,1656,1324,1648,1301,1092
279236,7,6,3025,1653,1282,2058,1387,995
279991,7,6,3025,1653,1255,2086,1583,1062
280675,7,7,3024,1652,1213,1648,1380,1241
281448,7,7,3023,1652,1212,1649,1356,1100
282166,7,6,3025,1654,1238,2105,1511,1094
282838,7,7,3024,1652,1208,1648,1487,1089
283534,7,6,3026,1654,1238,2106,1504,1072
284209,7,7,3024,1653,1201,1648,1412,1148
284905,7,6,3026,1654,1235,2109,1540,1069
285579,7,7,3024,1652,1199,1648,1357,1091
286274,7,6,3025,1654,1234,2112,1437,1094
286949,7,7,3024,1653,1196,1649,1312,1053
287643,7,6,3026,1653,1233,2115,1560,1052
288318,7,7,3024,1652,1192,1649,1445,1225
289013,7,6,3025,1654,1231,2118,1557,1191
289688,7,7,3024,1653,1190,1649,1371,1152
290443,7,7,3024,1653,1180,1648,1274,1057
291234,7,7,3023,1653,1196,1648,1305,1111
292015,7,7,3024,1652,1196,1648,1246,1009
292887,7,6,3025,1654,1242,2109,1382,1008
293715,7,7,3024,1653,1185,1648,1355,1134
294585,7,6,3026,1655,1235,2114,1438,1036
295363,7,6,3025,1654,1228,2114,1621,1026
296195,7,7,3024,1652,1191,1648,1467,1240
296954,7,6,3023,1652,1180,1648,1323,1136
297650,7,1416,3028,1481,1654,1905,1410,1025
298324,7,2949,3026,1335,1656,1649,1371,1008
299192,7,3015,3028,1249,1653,2062,1639,1056
299944,7,3017,3028,1219,1653,2086,1565,1261
300621,7,3019,3025,1250,1658,1649,1515,1188
301400,7,3020,3026,1253,1658,1648,1418,1134
302139,7,3020,3026,1236,1658,1649,1376,1063
302857,7,3018,3028,1195,1653,2107,1443,1015
303594,7,3019,3026,1199,1653,2105,1620,1018
304270,7,3020,3026,1242,1655,1648,1396,1097
304966,6,3018,3028,1196,1654,2108,1532,1037
305641,7,3020,3025,1241,1656,1650,1495,1137
306336,7,3018,3026,1194,1652,2111,1722,1101
307012,7,3020,3026,1241,1656,1649,1448,1180
307709,6,3019,3028,1190,1653,2113,1485,1098
308384,7,3020,3025,1239,1658,1648,1404,1153
309080,7,3017,3028,1188,1653,2117,1462,1212
309755,7,3020,3025,1238,1656,1648,1462,1199
310451,6,3018,3028,1185,1654,2119,1566,1115
311127,7,3020,3025,1233,1656,1648,1512,1117
311882,7,3020,3025,1230,1655,1647,1344,1238
312635,7,3021,3025,1229,1656,1648,1335,1083
313333,7,3018,3028,1179,1653,2126,1510,1146
314007,7,3020,3026,1230,1655,1649,1346,1113
314704,7,3018,3028,1179,1653,2126,1443,1023
315379,7,3019,3026,1227,1655,1649,1455,1098
316074,7,3019,3028,1178,1653,2129,1492,1205
316748,7,3020,3025,1224,1655,1648,1334,1129
317445,7,3019,7,1249,1653,1837,1334,1102
318278,7,3019,7,1332,2013,1648,1256,1015
319019,7,3020,7,1268,2074,1649,1222,938
319716,7,3019,7,1216,1653,1649,1202,918
320760,7,3020,7,1236,1653,1648,1269,892
321620,6,3020,7,1260,2087,1648,1299,957
322482,7,3019,7,1217,1653,1648,1241,1070
323238,7,3019,8,1206,1653,1648,1214,960
323913,7,3019,6,1245,2106,1650,1343,923
324606,8,3018,7,1200,1653,1648,1264,932
325294,7,3020,7,1242,2108,1649,1227,975
326077,7,3021,7,1249,2107,1649,1346,936
326865,7,3019,7,1251,2101,1649,1266,942
327656,6,3020,7,1246,2105,1649,1297,905
328538,7,3019,7,1210,1652,1648,1239,1046
329302,7,3018,7,1194,1653,1648,1354,970
330218,7,3019,7,1200,1652,1649,1269,960
330994,8,3019,8,1195,1653,1648,1228,921
331748,7,3019,7,1186,1652,1649,1351,978
332425,7,3019,7,1231,2120,1649,1267,1102
333122,8,3018,7,1178,1653,1649,1368,984
333876,7,3019,7,1179,1653,1650,1351,1113
334552,7,3019,7,1227,2125,1649,1413,1030
335248,2548,3020,8,1654,1653,1329,1301,1013
336094,3007,3021,7,1652,2048,1280,1233,1097
336840,3018,3021,7,1653,2089,1246,1184,995
337535,3019,3020,7,1658,1652,1197,1018,992
338208,3018,3021,6,1652,2098,1235,1075,926
338906,3018,3021,8,1655,1652,1189,967,914
339582,3018,3021,7,1652,2102,1236,1003,864
340280,3019,3023,7,1658,1653,1186,924,782
341036,3019,3021,8,1656,1653,1186,887,710
341801,3018,3020,8,1656,1653,1186,874,661
342556,3019,3021,7,1655,1653,1183,865,704
343229,3018,3021,7,1652,2113,1231,882,653
343927,3019,3021,7,1656,1653,1178,938,637
344600,3018,3021,6,1652,2118,1228,915,647
345293,3019,3021,8,1655,1653,1178,953,648
345970,3019,3021,6,1652,2117,1229,924,733
346667,3019,3020,7,1655,1653,1172,890,688
347338,3018,3021,6,1652,2125,1222,890,655
348036,3019,3021,7,1655,1653,1168,866,637
348711,3018,3021,7,1652,2125,1221,881,621
349408,3019,3020,8,1655,1653,1166,859,616
350085,3018,3021,7,1652,2130,1218,874,611
350806,3019,3021,8,1652,2124,1221,954,680
351501,3019,3021,8,1654,1653,1164,897,676
352176,3019,7,7,1653,1841,1318,980,649
353049,3020,6,8,2014,1654,1266,927,669
353895,3019,7,6,1652,1653,1260,970,658
354770,3020,6,9,2081,1655,1211,924,744
355609,3019,7,7,1653,1653,1249,1036,695
356408,3019,7,6,1653,1654,1244,1017,717
357280,3020,6,8,2090,1654,1201,946,716
358051,3020,6,9,2105,1655,1191,903,691
358960,3020,6,8,2101,1654,1191,880,730
359716,3018,6,8,2112,1654,1183,864,673
360383,3018,7,6,1654,1654,1231,881,642
361128,3019,7,6,1653,1653,1224,886,628
361898,3018,7,6,1653,1654,1229,892,628
362659,3018,7,6,1653,1655,1224,962,630
363352,3019,7,8,2120,1652,1174,908,652
364027,3019,6,4,1653,1653,1223,901,714
364725,3019,6,8,2125,1655,1168,942,666
365484,3019,6,8,2125,1655,1169,891,737
366156,3018,7,6,1654,1655,1217,885,678
366853,3018,6,8,2130,1656,1163,931,652
367528,3018,7,7,1653,1656,1213,976,655
368224,3020,6,2070,1935,1428,1650,1162,670
368901,3018,7,2979,1654,1293,1649,1175,829
369761,3019,6,3023,2061,1275,1649,1257,838
370520,3020,6,3025,2085,1255,1650,1363,860
371194,3019,7,3023,1653,1211,1648,1271,1050
371892,3019,6,3024,2100,1245,1650,1300,1039
372567,3019,7,3024,1653,1205,1649,1317,1112
373262,3019,6,3025,2103,1242,1650,1394,1015
373938,3018,7,3023,1653,1201,1649,1360,1137
374635,3019,6,3025,2111,1239,1650,1347,1040
375310,3017,7,3024,1654,1196,1648,1406,1061
376006,3019,6,3025,2112,1238,1649,1369,1166
376681,3018,7,3024,1653,1192,1649,1346,1064
377377,3021,6,3025,2115,1234,1649,1407,1000
378056,3018,7,3024,1653,1188,1648,1296,1136
378748,3019,6,3025,2118,1227,1650,1385,1087
379421,3019,7,3024,1652,1185,1648,1355,1169
380117,3020,6,3025,2124,1225,1649,1339,1200
380810,3018,7,3024,1653,1194,1648,1336,1062
381503,3019,6,3025,2122,1227,1648,1402,1000
382184,7,7,3023,1886,1302,1648,1363,1135
383044,7,7,3026,1654,1316,2025,1482,1186
383805,7,7,3025,1654,1273,2068,1625,1190
384617,7,7,3024,1652,1214,1649,1476,1181
385475,7,6,3024,1654,1255,2087,1487,1115
386230,7,4,3026,1655,1249,2096,1494,1231
386909,7,7,3024,1654,1207,1648,1410,1144
387696,7,7,3021,1653,1216,1648,1437,1062
388492,7,6,3024,1653,1213,1648,1451,1040
389372,6,6,3026,1654,1250,2098,1620,1173
390217,7,7,3024,1653,1211,1649,1542,1173
390998,7,7,3024,1653,1199,1649,1437,1277
391764,7,7,3024,1653,1195,1648,1452,1212
392556,7,7,3023,1652,1200,1648,1318,1257
393471,7,7,3025,1652,1191,1648,1249,1086
394212,7,7,3024,1652,1175,1648,1216,992
394907,7,6,3025,1655,1223,2126,1452,934
395583,7,7,3024,1652,1181,1649,1459,990
396278,7,6,3025,1653,1221,2128,1567,1152
396952,8,2462,3025,1415,1655,1648,1371,1136
397645,7,2989,3028,1289,1653,2028,1407,1046
398489,7,3019,3025,1278,1656,1648,1367,1019
399236,7,3019,3025,1255,1656,1648,1416,1130
399999,7,3020,3025,1261,1656,1649,1300,1203
400672,7,3018,3028,1211,1654,2098,1482,1124
401332,7,3020,3025,1246,1656,1649,1472,1159
402015,7,3018,3028,1205,1653,2100,1495,1240
402763,7,3018,3028,1202,1654,2102,1505,1225
403505,7,3019,3028,1201,1654,2105,1583,1145
404165,7,3019,3025,1242,1658,1648,1520,1144
404847,7,3018,3028,1196,1654,2108,1515,1114
405508,7,3018,3025,1241,1656,1649,1423,1096
406235,7,3018,3028,1192,1654,1648,1305,1051
406961,7,3020,3025,1222,1656,1649,1316,1048
407644,7,3019,3028,1184,1653,2119,1494,1123
408384,7,3019,3028,1185,1654,2120,1586,1092
409045,7,3020,3025,1231,1655,1648,1452,1118
409726,7,3018,3028,1181,1654,2124,1632,1216
410385,7,3020,3025,1227,1654,1649,1547,1334
411066,7,3017,3028,1181,1653,2125,1677,1355
411814,7,3019,3028,1234,1654,1868,1494,1422
412553,7,3019,7,1318,1653,1648,1407,1380
413374,7,3020,7,1291,2053,1649,1437,1324
414100,7,3020,7,1258,2087,1649,1452,1305
414782,8,3017,7,1216,1653,1648,1313,1301
415451,7,3020,7,1251,2094,1649,1393,1102
416227,7,3020,6,1258,2089,1649,1288,1179
417085,7,3019,7,1221,1653,1648,1231,1030
417919,7,3019,7,1258,2092,1649,1354,967
418692,7,3020,7,1255,2095,1649,1413,1097
419564,7,3019,7,1217,1653,1649,1438,1046
420468,7,3019,7,1210,1653,1649,1306,1032
421208,8,3019,7,1200,1653,1649,1241,968
421867,7,3019,7,1239,2115,1649,1212,932
422555,8,3019,7,1188,1652,1649,1197,909
423296,8,3019,7,1185,1652,1649,1191,886
423956,7,3020,7,1229,2124,1649,1192,873
424637,7,3019,7,1180,1652,1649,1330,938
425304,194,3020,7,1652,1958,1449,1173,1074
425984,2892,3020,7,1655,1653,1299,1107,1029
426813,3014,3021,6,1653,2051,1274,1136,980
427549,3017,3021,7,1653,2081,1253,1137,898
428229,3018,3020,8,1656,1654,1205,998,859
428890,3018,3021,6,1652,2094,1245,956,777
429572,3018,3021,8,1656,1654,1197,908,724
430233,3018,3021,6,1652,2100,1241,958,749
430974,3018,3021,6,1653,2089,1250,910,781
431655,3019,3020,8,1656,1652,1192,959,703
432313,3018,3021,6,1652,2107,1235,926,691
432995,3018,3020,8,1656,1654,1184,962,665
433655,3018,3021,7,1653,2113,1231,929,670
434337,3019,3020,8,1655,1653,1179,962,660
434997,3018,3020,7,1652,2117,1228,996,672
435678,3019,3021,8,1655,1653,1175,925,755
436337,3019,3021,6,1653,2120,1223,908,771
437018,3019,3020,8,1655,1653,1170,949,699
437677,3018,3021,7,1652,2128,1217,921,684
438358,3019,3020,8,1655,1653,1166,882,735
439019,3018,3021,6,1650,2133,1213,879,673
439699,3019,7,8,1876,1748,1317,902,643
440526,3019,7,4,1653,1653,1293,897,633
441252,3018,7,6,1654,1652,1252,879,627
441934,3019,6,8,2090,1654,1203,874,691
442596,3018,8,6,1653,1653,1244,1006,645
443341,3018,7,6,1653,1655,1239,1021,681
444080,3019,7,6,1654,1654,1235,963,705
444761,3019,6,8,2106,1655,1188,912,761
445422,3018,7,7,1653,1655,1235,902,703
446124,3019,6,8,2109,1655,1200,888,663
446879,3019,6,8,2108,1655,1185,947,710
447700,3019,7,6,1652,1654,1233,924,757
448439,3018,7,6,1653,1654,1225,912,695
449120,3019,6,8,2120,1654,1173,949,736
449781,3018,7,6,1654,1655,1219,919,774
450484,3019,6,8,2124,1654,1170,954,704
451324,3019,7,6,1653,1656,1218,915,689
452116,3020,7,6,1653,1656,1222,903,661
452989,3019,7,2753,1923,1395,1650,1050,714
454115,3021,6,3021,2034,1291,1650,1119,732
455071,3020,7,3024,1654,1222,1649,1301,732
455821,3018,7,3023,1654,1207,1649,1245,842
456561,3019,7,3023,1654,1195,1647,1213,876
457258,3019,6,3025,2109,1241,1650,1269,951
457932,3018,7,3023,1653,1199,1648,1227,913
458628,3020,4,3024,2111,1240,1649,1282,907
459303,3017,7,3023,1654,1196,1648,1235,970
459999,3019,6,3025,2112,1235,1650,1211,908
460674,3019,7,3024,1655,1190,1648,1197,899
461371,3020,6,3025,2117,1233,1650,1190,888
462382,3018,7,3024,1653,1195,1648,1188,874
463145,3018,7,3024,1653,1184,1649,1264,864
463915,7,7,3023,1813,1322,1649,1223,875
464776,6,7,3025,1654,1316,2025,1336,880
465532,7,6,3025,1654,1278,2064,1556,880
466209,6,7,3024,1653,1230,1648,1439,1089
466907,7,6,3025,1654,1253,2089,1466,1051
467582,7,7,3023,1652,1216,1648,1400,1043
468279,7,6,3026,1654,1246,2098,1529,1084
468955,7,7,3023,1652,1208,1647,1493,1161
469651,7,6,3026,1654,1244,2103,1577,1111
470326,7,7,3024,1653,1202,1648,1378,1192
471091,7,7,3024,1653,1200,1648,1280,1075
471787,7,6,3025,1655,1236,2113,1543,1054
472460,7,7,3024,1653,1192,1649,1504,1081
473156,7,6,3025,1655,1231,2118,1510,1076
473831,7,7,3024,1653,1188,1648,1347,1153
474526,7,6,3025,1656,1228,2123,1440,1115
475201,8,7,3024,1653,1183,1650,1455,1065
475897,7,1161,3028,1506,1653,1898,1395,1186
476573,7,2940,3025,1350,1656,1648,1432,1157
477368,7,3017,3025,1289,1658,1649,1307,1224
478123,7,3019,3026,1268,1656,1649,1322,1136
478906,7,3020,3025,1268,1658,1647,1322,1031
479782,7,3015,3028,1227,1653,2080,1556,974
480632,7,3020,3026,1263,1658,1648,1371,1050
481500,7,3018,3026,1217,1652,2089,1433,1003
482332,7,3020,3026,1240,1655,1648,1306,1085
483211,8,3018,3028,1213,1653,2095,1406,1069
484051,7,3019,3026,1253,1658,1648,1434,1030
484820,7,3020,3025,1247,1655,1650,1383,1162
485560,6,3020,3023,1228,1656,1648,1426,1135
486252,7,3018,3028,1185,1654,2120,1689,1070
486926,7,3020,3026,1230,1654,1649,1434,1152
487623,6,3019,3028,1180,1653,2126,1555,1083
488299,7,3020,3025,1225,1656,1648,1363,1242
488996,7,3017,3028,1173,1653,1957,1525,1169
489670,7,3018,8,1365,1974,1648,1492,1200
490530,7,3019,7,1267,1653,1649,1479,1268
491285,7,3019,7,1234,1653,1647,1326,1297
491964,7,3019,7,1264,2085,1649,1326,1181
492661,7,3018,7,1213,1654,1648,1255,1047
493337,7,3019,7,1253,2097,1650,1296,1025
494033,8,3019,7,1203,1653,1649,1315,1032
494708,7,3019,7,1249,2105,1649,1251,1043
495404,8,3018,7,1196,1654,1649,1293,949
496079,7,3019,7,1242,2111,1648,1379,927
496776,8,3019,7,1190,1653,1649,1279,1087
497450,7,3020,7,1238,2117,1649,1233,984
498145,7,3019,7,1186,1653,1649,1211,943
498819,7,3020,7,1231,2122,1648,1340,981
499515,8,3018,7,1179,1654,1650,1263,1096
500191,7,3019,7,1225,2128,1649,1300,981
500892,2459,3021,8,1656,1654,1329,1108,946
501552,2995,3021,7,1652,2029,1297,1073,870
502326,3017,3021,7,1653,2068,1266,974,888
503009,3018,3018,8,1655,1653,1213,923,855
503672,3018,3021,7,1652,2086,1251,896,744
504422,3018,3021,7,1652,2087,1249,877,752
505149,3019,3021,7,1652,2107,1235,960,675
505831,3019,3021,7,1656,1654,1190,907,677
506493,3018,3021,6,1653,2105,1238,901,652
507175,3018,3021,7,1656,1652,1186,948,644
507855,3018,3021,6,1652,2111,1233,991,726
508538,3019,3021,8,1655,1652,1185,995,781
509198,3018,3021,6,1652,2114,1230,1014,810
509883,3019,3021,7,1655,1653,1177,927,831
511084,3019,3020,8,1655,2390,1013,888,735
511941,3019,3021,8,1653,1653,1135,857,743
512711,3019,7,8,1825,1810,1304,1021,667
513715,3019,7,6,1653,1653,1300,1101,769
514585,3019,6,8,2059,1654,1229,1000,848
515367,3018,6,8,2080,1654,1214,1008,777
516228,3018,7,4,1653,1654,1252,937,747
517152,3019,7,6,1653,1654,1255,903,698
517906,3018,7,6,1653,1653,1240,881,661
518598,3019,6,8,2106,1654,1186,868,632
519271,3019,7,6,1653,1655,1234,956,691
519967,3020,6,8,2117,1654,1180,976,682
520661,3019,7,6,1652,1654,1241,1010,687
521355,3019,6,8,2117,1653,1178,930,700
522125,3018,7,6,1653,1655,1264,903,677
522882,3018,7,6,1653,1656,1227,894,649
523631,3019,6,8,2096,1653,1186,880,710
524390,3020,4,2340,1888,1422,1650,1041,661
525144,3019,6,3001,2009,1319,1650,1119,708
526068,3018,6,3024,2059,1279,1652,1157,765
526823,3020,6,3025,2081,1262,1650,1170,873
527499,3018,7,3024,1653,1216,1648,1321,858
528255,3019,7,3024,1653,1206,1649,1250,1031
528950,3019,6,3025,2103,1246,1650,1216,943
529627,3017,6,3024,1654,1199,1648,1343,919
530320,3019,6,3025,2108,1242,1650,1339,931
531074,3019,6,3025,2109,1239,1649,1261,937
531750,3018,7,3024,1653,1191,1648,1221,904
532445,3019,6,3025,2120,1230,1649,1202,893
533120,3018,7,3024,1654,1185,1648,1266,880
533816,3019,6,3025,1951,1305,1820,1299,877
534492,6,7,3024,1653,1321,1648,1318,894
535282,7,7,3023,1653,1258,1649,1323,979
535976,7,6,3025,1654,1272,2070,1409,949
536658,7,7,3024,1653,1230,1648,1366,973
537360,7,6,3025,1654,1258,2087,1435,964
538032,7,7,3024,1653,1217,1648,1450,1067
538733,7,6,3025,1654,1250,2094,1548,1185
539409,7,7,3024,1652,1210,1648,1361,1145
540107,7,6,3025,1655,1245,2103,1435,1188
540797,7,7,3024,1653,1208,1648,1379,1175
541491,7,6,3026,1655,1241,2108,1520,1069
542174,7,7,3024,1652,1195,1648,1493,1075
542967,7,7,3023,1652,1200,1648,1339,1208
543833,7,6,3025,1655,1234,2111,1506,1139
544691,6,1967,3026,1448,1655,1648,1345,1175
545558,7,2995,3028,1304,1653,2012,1533,1125
546552,7,3020,3026,1291,1656,1649,1358,1113
547334,7,3019,3026,1278,1658,1647,1268,1105
548103,7,3020,3025,1266,1656,1649,1371,987
548896,7,3020,3026,1266,1656,1648,1278,1114
549773,6,3018,3028,1224,1654,2084,1529,1073
550608,7,3020,3025,1261,1655,1649,1352,1223
551389,7,3020,3025,1261,1656,1649,1412,1079
552129,6,3021,3025,1235,1655,1649,1368,1177
552822,6,3018,3028,1191,1653,2114,1443,1210
553499,7,3020,3025,1239,1655,1648,1313,1111
554239,7,3020,3025,1223,1655,1648,1247,1013
554938,7,3018,3028,1177,1653,2129,1389,1010
555614,7,3020,3026,1224,1655,1649,1290,995
556344,7,3020,3025,1223,1752,1915,1328,947
557038,8,3019,8,1333,1653,1649,1327,936
557883,7,3020,7,1299,2048,1650,1332,1075
558624,7,3020,7,1264,2083,1650,1399,1072
559316,8,3019,7,1221,1653,1648,1361,1028
559993,7,3019,7,1260,2091,1649,1413,990
560692,8,3019,7,1208,1653,1649,1295,1133
561362,7,3018,7,1250,2103,1649,1239,1013
562063,7,3019,8,1200,1653,1649,1213,953
562823,7,3019,7,1197,1653,1648,1202,912
563578,7,3019,7,1194,1653,1650,1192,892
564255,7,3021,7,1238,2115,1649,1334,884
564952,8,3019,7,1188,1653,1649,1257,909
565708,7,3019,7,1183,1653,1650,1362,1030
566380,7,3020,7,1225,2078,1543,1371,993
567078,2804,3020,7,1655,1652,1312,1133,979
567913,3012,3020,7,1652,2039,1290,1151,892
568653,3019,3023,7,1653,2079,1257,1076,929
569351,3018,3021,8,1656,1654,1206,969,844
570026,3018,3023,7,1652,2091,1250,985,766
570745,3019,3020,8,1653,1653,1210,931,803
571496,3018,3021,8,1654,1653,1203,898,726
572169,3019,3021,7,1652,2103,1242,902,672
572866,3019,3021,8,1658,1654,1184,880,652
573544,3018,3021,7,1652,2114,1233,894,700
574320,3018,3021,7,1652,2112,1233,896,661
575101,3019,3021,7,1652,2111,1234,970,713
575862,3018,3020,7,1652,2123,1221,932,699
576647,3019,3020,6,1653,2119,1221,981,672
577441,3018,7,7,1653,1833,1334,1028,687
578497,3020,6,8,2023,1654,1263,1092,782
579353,3019,7,6,1653,1654,1271,1126,853
580224,3019,6,8,2070,1654,1218,1072,898
581028,3018,7,6,1653,1655,1241,990,832
581775,3018,7,6,1653,1654,1236,995,764
582467,3019,6,8,2106,1654,1188,998,803
583142,3018,7,2,1653,1654,1235,948,755
583840,3019,6,8,2113,1654,1181,896,705
584515,3019,7,6,1653,1655,1229,897,664
585218,3019,6,8,2119,1654,1175,870,641
585973,3019,6,8,2123,1654,1169,858,620
586649,3017,7,6,1653,1656,1217,869,604
587346,3019,6,8,2131,1654,1161,926,599
588021,3017,7,2711,1653,1357,1648,1065,628
588880,3019,6,3018,2023,1308,1650,1206,698
589635,3019,6,3024,2063,1275,1650,1272,792
590312,3020,7,3023,1653,1224,1648,1369,910
591051,3019,7,3023,1654,1207,1648,1274,1075
591764,3019,6,3025,2098,1250,1647,1300,975
592441,3018,6,3024,1653,1210,1649,1387,938
593139,3019,6,3025,2106,1244,1649,1284,1095
593814,3018,7,3024,1653,1197,1649,1231,991
594510,3019,6,3025,2114,1235,1649,1351,947
595185,3018,7,3024,1653,1190,1649,1343,949
595882,3019,6,3026,2123,1227,1648,1405,948
596556,3000,7,3024,1893,1300,1648,1291,1109
597301,7,7,3024,1652,1302,1647,1378,1109
598092,7,7,3024,1652,1252,1648,1356,1124
598823,7,7,3024,1652,1218,1648,1345,1106
599520,7,6,3025,1654,1255,2089,1570,1023
600195,7,7,3024,1653,1218,1648,1371,1080
600893,7,6,3026,1654,1251,2094,1510,1018
601565,7,7,3024,1652,1208,1649,1484,1047
602261,7,6,3026,1655,1245,2106,1715,1052
602935,7,6,3024,1652,1201,1649,1521,1294
603632,7,6,3026,1655,1238,2112,1665,1188
604595,7,7,3023,1652,1178,1648,1564,1268
605397,7,7,3024,1653,1190,1649,1372,1329
606270,7,1162,3029,1507,1653,1890,1351,1139
607114,7,2984,3026,1349,1656,1648,1272,1184
608157,7,3017,3028,1268,1653,2042,1369,1031
608997,7,3020,3025,1273,1656,1648,1280,997
609887,6,3019,3026,1242,1653,2067,1385,1012
610808,7,3018,3028,1229,1653,2079,1516,992
611566,7,3018,3028,1212,1653,2095,1727,1111
612240,7,3020,3025,1250,1655,1647,1448,1188
613002,7,3020,3025,1240,1656,1649,1390,1245
613762,7,3020,3026,1240,1656,1648,1427,1111
614455,7,3018,3028,1191,1654,2117,1622,1058
615127,7,3020,3026,1233,1655,1648,1394,1188
615824,7,3019,3028,1181,1654,2125,1465,1080
616500,7,3020,3024,1224,1655,1648,1324,1059
617195,7,3018,8,1321,1654,1686,1269,987
618038,7,3019,7,1321,2025,1649,1228,1008
618778,7,3020,7,1274,2073,1649,1206,953
619470,7,3019,8,1228,1654,1648,1267,909
620146,7,3018,7,1262,2087,1649,1225,892
620843,7,3019,7,1212,1653,1649,1206,888
621516,7,3020,7,1252,2101,1650,1274,879
622211,8,3019,7,1201,1653,1649,1305,882
622886,7,3019,7,1246,2107,1650,1384,968
623583,8,3019,7,1192,1653,1648,1280,971
624259,7,3020,7,1236,2115,1650,1310,929
624954,7,3019,6,1184,1653,1650,1247,990
625631,7,3020,7,1227,2125,1649,1218,923
626397,2505,3021,7,1652,1948,1368,1224,908
627172,3006,3021,7,1652,2021,1305,1061,968
627924,3017,3021,6,1652,2064,1271,969,931
628617,3018,3021,7,1656,1653,1217,925,804
629294,3018,3021,7,1653,2085,1256,1040,794
629991,3019,3021,8,1655,1653,1202,953,768
630667,3017,3020,6,1652,2097,1246,908,788
631361,3019,3020,8,1656,1653,1194,956,777
632038,3019,3021,7,1652,2105,1240,932,797
632735,3018,3020,8,1654,1653,1184,963,722
633410,3018,3021,7,1652,2113,1229,924,702
634108,3018,3021,8,1655,1653,1174,958,678
634782,3018,3021,6,1652,2125,1219,991,746
635479,3019,3023,8,1653,1652,1162,913,792
636155,3018,3021,7,1652,1958,1295,982,715
636854,3018,7,8,1970,1653,1306,940,774
637783,3019,6,8,2035,1655,1251,1041,715
638620,3018,7,6,1653,1653,1269,956,798
639371,3019,7,6,1652,1654,1247,912,730
640154,3018,7,6,1653,1654,1253,964,750
641033,3019,6,8,2087,1654,1203,918,714
641880,3018,7,6,1652,1654,1244,963,683
642771,3019,6,8,2097,1653,1194,916,750
643608,3019,7,6,1653,1656,1235,912,695
644367,3019,7,6,1652,1655,1221,897,736
645108,3019,7,6,1653,1655,1205,887,676
645808,3019,6,2415,1896,1421,1649,1045,643
646570,3020,6,3004,2008,1322,1650,1122,697
647415,3019,7,3023,1653,1245,1648,1229,825
648155,3019,7,3023,1653,1217,1648,1349,934
648847,3019,6,3025,2089,1256,1649,1263,1079
649523,3018,7,3023,1652,1211,1649,1225,1050
650220,3019,6,3025,2101,1247,1649,1349,973
650972,3020,6,3025,2107,1242,1649,1263,1100
651644,3018,7,3024,1652,1195,1648,1366,984
652340,3020,6,3025,2115,1234,1648,1413,1109
653016,3019,7,3024,1653,1188,1648,1295,1194
653732,7,6,3024,1853,1332,1859,1470,1118
654567,7,7,3024,1652,1307,1649,1326,1081
655261,7,6,3026,1654,1296,2045,1393,1001
655936,7,7,3024,1652,1242,1648,1288,991
656632,7,6,3025,1654,1263,2080,1391,940
657306,7,7,3024,1653,1223,1649,1362,962
658001,7,6,3025,1655,1255,2092,1506,962
658676,3,7,3024,1653,1211,1649,1418,1018
659373,7,6,3026,1654,1245,2103,1612,1080
660049,7,7,3024,1653,1201,1648,1471,1192
660749,7,6,3025,1655,1234,2114,1567,1119
661421,7,7,3024,1652,1190,1649,1449,1120
662116,6,6,3025,1655,1227,2123,1637,1142
662795,7,1206,3024,1517,1654,1648,1407,1233
663560,7,2963,3026,1350,1655,1649,1371,1107
664420,7,3015,3028,1267,1654,2043,1420,1103
665176,7,3018,3028,1240,1653,2068,1449,1051
665852,7,3019,3025,1271,1656,1648,1456,1114
666555,7,3018,3028,1218,1653,2086,1694,1211
667311,7,3018,3026,1213,1654,2094,1672,1222
667985,7,3020,3025,1253,1655,1649,1499,1218
668764,6,3019,3025,1256,1656,1648,1410,1141
669559,7,3019,3026,1255,1654,1648,1367,1065
670451,7,3019,3026,1199,1652,2111,1660,1152
671291,7,3020,3026,1246,1655,1648,1489,1179
672087,7,3020,3026,1236,1654,1648,1333,1114
672967,7,3019,7,1352,1654,1649,1260,1017
674232,7,3019,8,1284,1653,1648,1363,946
675030,7,3020,7,1271,2075,1648,1415,952
675780,7,3020,7,1260,2090,1648,1440,978
676472,7,3018,8,1214,1653,1649,1379,1000
677146,7,3019,7,1255,2096,1649,1357,984
677842,8,3018,7,1200,1654,1650,1411,1036
678519,7,3020,7,1245,2109,1648,1437,1017
679215,9,3018,8,1191,1653,1649,1379,1153
679889,7,3019,7,1235,2118,1649,1424,1058
680606,8,3019,7,1181,1653,1649,1300,1032
681360,1863,3020,8,1654,1654,1369,1126,1041
682041,2980,3021,7,1653,2002,1323,1019,919
682899,3017,3021,7,1654,1653,1246,1013,824
683661,3020,3020,7,1655,1652,1224,948,841
684332,3018,3021,7,1653,2081,1257,980,749
685031,3014,3021,8,1656,1654,1201,993,791
685708,3018,3023,7,1652,2096,1246,927,819
686409,3019,3020,8,1655,1653,1190,891,800
687168,3019,3020,8,1654,1652,1186,870,706
687923,3018,3021,8,1655,1653,1181,932,652
688595,3017,3021,6,1652,2120,1224,910,722
689294,3019,3020,8,1654,1653,1167,946,748
689969,3018,3021,6,1652,2131,1214,914,774
690669,3018,3020,8,1748,1915,1277,976,709
691342,3018,7,6,1654,1654,1335,1097,700
692201,3019,6,8,2043,1655,1245,1000,814
692955,3018,6,8,2072,1654,1219,942,760
693631,3018,7,6,1653,1655,1256,975,706
694328,3019,6,8,2095,1655,1200,926,769
695006,3019,8,6,1653,1656,1219,907,778
695698,3019,6,8,2105,1654,1189,880,703
696374,3018,7,6,1653,1655,1233,959,728
697070,3019,4,8,2115,1655,1178,901,698
697745,3018,7,6,1654,1655,1223,968,660
698438,3019,6,8,2124,1653,1167,904,673
699114,3018,6,6,1653,1656,1648,1050,653
699812,3019,6,2882,1953,1371,1649,1122,775
700673,3018,7,3019,1652,1266,1648,1155,796
701539,3020,6,3025,2061,1280,1649,1170,815
702301,3020,6,3025,2080,1266,1649,1321,830
703141,3019,7,3024,1653,1216,1649,1252,1017
703930,3018,7,3024,1653,1213,1649,1223,937
704798,3020,6,3026,2095,1251,1649,1349,914
705652,3018,7,3024,1652,1203,1648,1263,932
706531,3019,6,3025,2107,1239,1648,1224,1046
707304,7,7,3025,1698,1377,1951,1523,1036
708298,7,7,3024,1652,1283,1648,1349,1203
709064,7,7,3023,1653,1251,1648,1264,1068
709758,7,6,3026,1654,1271,2073,1450,967
710437,7,7,3024,1653,1225,1648,1316,1140
711167,7,6,3024,1653,1199,1648,1250,1024
711866,7,6,3026,1655,1244,2106,1384,940
712542,7,7,3024,1653,1201,1648,1358,1101
713245,7,6,3025,1655,1236,2112,1438,1095
713999,7,6,3026,1655,1233,2117,1628,1199
714675,7,7,3024,1652,1188,1649,1547,1257
715368,7,1345,3028,1498,1653,1891,1444,1319
716064,7,2946,3025,1361,1654,1649,1388,1241
716923,7,3015,3028,1282,1653,2031,1423,1108
717674,7,3019,3026,1253,1653,2056,1665,1131
718346,7,3019,3025,1273,1656,1649,1422,1170
719044,7,3018,3028,1222,1653,2085,1536,1089
719718,7,3020,3025,1261,1655,1649,1355,1096
720437,7,3019,3028,1206,1653,2100,1648,1019
721108,7,3019,3026,1255,1655,1648,1553,1109
721804,6,3018,3028,1197,1653,2109,1533,1251
722479,7,3019,3025,1241,1655,1649,1357,1169
723175,7,3018,3028,1186,1653,2120,1445,1131
723850,7,3020,3025,1230,1655,1648,1316,1075
724547,7,3018,7,1255,1654,1843,1406,1064
725372,7,3020,7,1350,1993,1649,1295,1098
726102,7,3020,8,1285,2059,1648,1383,1070
726800,6,3019,8,1233,1649,1649,1280,1158
727480,7,3020,7,1267,2080,1649,1304,1019
728242,6,3020,6,1264,2089,1649,1384,1103
728941,7,3019,7,1207,1653,1650,1284,1039
729619,7,3020,7,1252,2101,1649,1377,1034
730314,8,3018,8,1197,1653,1649,1277,1002
731074,8,3019,7,1190,1653,1650,1231,940
731748,7,3020,7,1234,2118,1649,1212,915
732451,8,3019,7,1183,1653,1650,1272,901
733292,2749,3021,7,1652,1963,1355,1107,1035
734342,3015,3020,7,1656,1653,1255,985,910
735190,3018,3021,7,1652,2059,1274,935,803
735985,3018,3021,7,1652,2070,1267,976,724
736885,3019,3021,8,1653,1653,1223,932,703
737807,3019,3020,7,1655,1654,1205,903,748
738564,3019,3020,7,1655,1653,1188,881,689
739319,3019,3021,7,1654,1653,1180,868,655
739992,3018,3021,6,1652,2123,1223,948,698
740749,3018,3021,6,1652,2133,1214,915,683
741442,3019,3020,8,1749,1910,1280,901,730
742118,3018,7,6,1653,1654,1339,990,749
742979,3020,6,8,2040,1654,1249,1067,721
743734,3018,6,8,2068,1654,1224,978,744
744411,3019,7,6,1653,1653,1257,921,722
745107,3019,6,8,2095,1654,1199,891,754
745779,3019,7,6,1653,1655,1241,898,758
746476,3019,6,9,2106,1653,1185,879,695
747452,3020,7,6,1653,1655,1225,881,658
748230,3019,7,6,1652,1656,1227,887,639
748982,3018,7,6,1654,1658,1214,956,630
749676,3019,6,2028,1936,1443,1648,1147,724
750368,3019,7,2975,1653,1313,1648,1168,851
751205,3019,6,3024,2036,1299,1649,1180,846
751961,3019,4,3025,2064,1277,1649,1326,923
752635,3019,6,3024,1653,1224,1648,1257,926
753331,3019,6,3025,2091,1257,1649,1218,901
754006,3018,7,3024,1652,1208,1648,1344,892
754703,3019,6,3025,2105,1245,1648,1402,1057
755377,3019,7,3024,1653,1195,1648,1294,1162
756074,3019,4,3025,2118,1231,1649,1238,1102
756749,3018,7,3024,1653,1238,1649,1213,1004
757445,7,7,3025,1655,1371,1969,1387,938
758265,7,7,3023,1653,1275,1648,1286,1028
758961,7,6,3026,1654,1283,2061,1385,1030
759636,7,7,3024,1653,1235,1647,1355,1078
760332,7,6,3026,1654,1263,2083,1572,1009
761073,7,6,3025,1654,1264,2083,1536,1074
761747,8,7,3024,1652,1213,1649,1433,1085
762443,7,6,3023,1655,1246,2105,1476,1051
763119,7,7,3024,1653,1199,1648,1327,1124
763882,7,7,3024,1653,1190,1648,1258,1019
764660,7,6,3023,1653,1191,1647,1219,1014
765439,7,2821,3025,1394,1655,1648,1274,954
766342,7,3014,3025,1312,1655,1649,1372,916
767097,7,3019,3025,1282,1656,1648,1354,943
767901,7,3019,3025,1272,1656,1648,1271,1017
768789,7,3018,3028,1238,1653,2070,1383,1018
769629,7,3020,3026,1271,1656,1648,1427,995
770448,7,3020,3025,1261,1655,1649,1448,1141
771323,7,3018,3028,1221,1653,2092,1623,1222
772229,7,3018,3028,1202,1654,2109,1567,1222
772996,7,3019,3028,1190,1653,2119,1617,1158
773751,7,3019,8,1324,1654,1691,1413,1304
774598,7,3019,7,1328,2018,1648,1296,1222
775348,7,3019,7,1288,2058,1649,1244,1054
776047,7,3019,8,1234,1653,1649,1216,978
776803,7,3019,9,1224,1653,1650,1197,930
777478,7,3019,7,1261,2091,1649,1338,905
778173,8,3019,8,1207,1653,1650,1335,1061
778846,7,3019,3,1245,2107,1649,1335,998
779542,8,3018,7,1192,1653,1649,1257,1035
780217,6,3020,7,1236,2117,1650,1222,1094
780966,7,3020,6,1222,2129,1648,1280,993
781658,2239,3020,8,1655,1654,1363,1112,941
782336,2984,3021,7,1653,2004,1321,1013,874
783126,3017,3021,7,1653,2053,1282,952,798
783866,3018,3021,7,1653,2081,1257,981,732
784624,3018,3021,7,1652,2089,1253,920,783
785318,3019,3021,8,1655,1653,1200,892,785
785989,3018,3021,7,1652,2101,1244,877,699
786686,3018,3020,7,1654,1653,1188,874,649
787362,3018,3021,6,1652,2112,1233,885,628
788060,3019,3020,7,1653,1653,1174,873,691
788824,3019,3021,8,1654,1653,1169,859,717
789580,3019,6,8,1776,1865,1299,1024,725
790432,3018,7,7,1653,1655,1328,978,796
791184,3019,7,6,1653,1654,1274,931,810
791882,3019,6,8,2078,1653,1214,979,726
792558,3018,7,7,1653,1654,1256,1061,708
793255,3019,6,8,2095,1654,1197,965,735
793930,3018,7,6,1653,1655,1244,910,709
794627,3018,6,8,2107,1654,1186,890,669
795306,3019,7,6,1654,1654,1228,960,644
796095,3018,7,6,1653,1655,1230,927,728
796969,3019,6,8,2115,1654,1174,958,687
797811,3018,7,2840,1653,1358,1648,1150,680
798864,3020,4,3023,2030,1306,1649,1172,830
799727,3019,7,3023,1653,1249,1648,1252,910
800631,3019,6,3024,2069,1275,1648,1221,886
801455,3019,7,3025,1653,1218,1649,1205,958
802198,3019,7,3024,1653,1196,1649,1199,913
802892,3019,6,3025,2111,1238,1649,1264,896
803566,3019,7,3023,1653,1190,1649,1227,1029
804262,3019,6,3025,1982,1294,1799,1271,965
804937,7,7,3024,1652,1336,1648,1367,997
805795,7,6,3025,1654,1310,2031,1483,981
806551,7,6,3025,1654,1282,2061,1694,1017
807226,7,7,3024,1654,1234,1648,1435,1268
807921,7,6,3025,1654,1262,2084,1608,1134
808604,7,7,3024,1652,1216,1649,1465,1147
809376,7,7,3024,1652,1214,1648,1398,1233
810068,7,6,3025,1655,1245,2103,1673,1108
810743,7,7,3023,1652,1195,1648,1422,1162
811437,7,6,3026,1655,1229,2119,1621,1224
812112,8,2086,3025,1449,1655,1648,1400,1266
812810,7,2973,3028,1321,1653,1997,1489,1125
813659,8,3018,3025,1306,1655,1648,1332,1163
814427,7,3019,3025,1289,1658,1648,1257,1040
815119,7,3018,3028,1233,1653,2074,1379,952
815795,7,3019,3025,1267,1655,1648,1282,1037
816491,7,3018,3028,1211,1653,2096,1611,960
817165,7,3020,3025,1253,1655,1648,1393,1205
817861,7,3018,3026,1195,1654,2109,1531,1231
818535,7,3020,3024,1240,1655,1648,1355,1231
819231,7,3018,3028,1185,1654,2123,1583,1086
819988,7,3017,8,1247,1653,1857,1468,1114
820828,7,3020,8,1362,1984,1649,1396,1080
821572,7,3020,7,1301,2045,1648,1289,1080
822264,4,3019,8,1244,1653,1649,1239,1035
822937,7,3020,7,1271,2080,1649,1214,1012
823633,7,3018,7,1217,1653,1648,1340,946
824307,7,3019,7,1257,2097,1649,1404,1083
825004,8,3018,7,1202,1653,1650,1368,1174
825680,7,3019,6,1245,2108,1650,1418,1135
826380,8,3019,7,1188,1653,1652,1302,1203
827145,7,3019,6,1183,1653,1650,1315,1052
827959,2695,3021,7,1652,1960,1361,1126,1126
828826,3013,3020,7,1654,1653,1266,1069,960
829588,3019,3021,8,1656,1653,1236,1028,931
830435,3018,3021,7,1652,2073,1267,1090,902
831230,3019,3021,6,1653,2075,1262,976,909
832097,3019,3020,7,1655,1652,1206,925,792
832952,3018,3023,7,1653,2096,1244,1031,724
833824,3019,3020,7,1654,1652,1186,943,730
834581,3019,3021,8,1654,1652,1170,891,693
835253,3017,3021,6,1653,1964,1291,893,654
835993,3019,6,7,1653,1654,1338,1056,643
836852,3019,6,8,2036,1653,1250,1101,769
837607,3018,6,8,2065,1654,1225,993,781
838284,3018,7,6,1653,1654,1262,934,810
838981,3019,7,8,2092,1655,1201,970,799
839656,3019,7,6,1654,1654,1244,1010,809
840372,3018,6,8,2106,1654,1185,1002,763
841128,3019,6,8,2107,1654,1184,927,805
841802,3018,7,6,1653,1656,1222,908,726
842499,3018,6,8,2131,1654,1162,943,680
843174,3019,7,2590,1654,1385,1649,1073,741
843965,3018,6,3009,1653,1290,1648,1202,755
844658,3019,6,3023,2047,1290,1650,1271,814
845334,3018,7,3024,1653,1235,1649,1369,853
846030,3019,6,3025,2086,1262,1650,1279,1048
846704,3018,7,3023,1653,1212,1649,1233,970
847400,3019,6,3025,2103,1246,1649,1208,938
848072,3018,7,3024,1653,1195,1648,1197,905
848768,3020,6,3025,2119,1230,1649,1190,884
849449,6,6,3024,1890,1307,1648,1264,870
850369,7,7,3024,1653,1304,1648,1229,946
851119,7,7,3024,1653,1267,1648,1279,920
851817,7,4,3025,1655,1278,2065,1455,1047
852489,7,7,3024,1652,1230,1649,1389,1039
853186,7,6,3025,1656,1260,2087,1443,1006
853860,7,7,3024,1653,1213,1649,1316,1013
854556,7,6,3025,1655,1247,2103,1633,1034
855230,7,7,3023,1653,1197,1650,1406,1111
855926,7,6,3025,1654,1233,2117,1463,1119
856599,7,1103,3025,1537,1654,1648,1461,1218
857291,7,2925,3028,1340,1653,1979,1433,1126
858125,7,3018,3025,1313,1656,1648,1377,1144
858919,7,3019,3025,1299,1655,1647,1280,1052
859787,7,3019,3028,1249,1653,2062,1452,968
860641,7,3020,3024,1271,1655,1648,1388,1141
861498,7,3018,3026,1223,1654,2086,1516,7
862351,7,3020,3026,1255,1654,1648,1346,1068
863217,7,3019,3028,1207,1653,2105,1648,1146
863990,7,3018,3028,1186,1653,2119,1588,1170
864804,7,3019,7,1332,1869,1739,1420,1230
865756,6,3019,8,1341,1986,1649,1297,1256
866513,7,3020,7,1300,2047,1649,1385,1216
867207,7,3018,7,1238,1653,1649,1356,1229
867884,7,3020,7,1269,2084,1649,1267,1229
868580,8,3020,7,1206,1653,1649,1223,1190
869255,7,3020,7,1252,2102,1650,1349,1107
870002,7,3020,7,1234,2118,1648,1338,1163
870763,6,3021,7,1234,2118,1648,1257,1042
871503,7,3020,6,1653,2045,1501,1159,1094
872200,2838,3021,7,1655,1653,1316,1034,963
873035,3013,3023,7,1653,2030,1302,968,842
873776,3018,3021,7,1652,2069,1269,1062,831
874473,3019,3020,8,1655,1653,1214,967,863
875149,3018,3021,6,1652,2087,1255,1057,842
875845,3019,3021,8,1655,1652,1199,1031,798
876516,3019,3021,6,1652,2105,1240,1036,766
877211,3018,3020,7,1655,1652,1181,945,752
877886,3018,3020,6,1652,2119,1224,916,704
878581,3019,3020,8,1654,1653,1164,949,669
879256,3017,7,7,1654,1772,1349,1090,741
880037,3019,7,7,1653,1654,1324,1081,763
880792,3019,7,6,1653,1654,1284,984,838
881507,3019,6,8,2070,1654,1222,1007,761
882180,3019,7,6,1654,1654,1263,1083,738
882926,3018,7,6,1653,1654,1246,1108,758
883624,3019,6,8,2106,1654,1189,978,846
884299,3019,7,6,1653,1654,1234,941,763
884995,3019,6,8,2117,1653,1174,963,710
885669,3018,7,6,1654,1656,1218,924,764
886365,3019,6,667,2133,1589,1648,1136,699
887038,3018,7,2915,1653,1338,1649,1235,831
887822,3019,7,3019,1654,1274,1649,1210,864
888517,3019,6,3025,2059,1282,1650,1343,869
889524,3018,7,3023,1653,1230,1649,1266,1046
890313,3018,6,3023,1653,1218,1649,1228,957
891203,3019,7,3023,1654,1199,1649,1279,920
891969,3018,7,3024,1653,1190,1649,1229,1047
892752,7,7,3024,1798,1341,1649,1210,965
893709,7,7,3024,1654,1313,1649,1271,926
894499,7,7,3024,1653,1275,1649,1371,1045
895397,7,6,3025,1655,1286,2054,1421,1006
896230,7,7,3023,1652,1235,1649,1302,1148
896981,7,7,3024,1652,1212,1649,1242,1029
897677,7,4,3025,1656,1246,2103,1520,1017
898350,7,7,3024,1652,1196,1648,1490,1194
899047,7,6,3025,1656,1229,2120,1510,1264
899722,8,2289,3026,1434,1655,1648,1343,1244
900435,7,2981,3028,1317,1654,1996,1387,1086
901271,7,3018,3025,1317,1656,1648,1283,1106
902011,7,3020,3025,1279,1655,1649,1310,992
902707,7,3018,3028,1231,1653,2076,1617,1021
903377,7,3019,3025,1266,1656,1649,1396,1097
904075,6,3017,3028,1211,1653,2097,1451,1036
904749,7,3020,3025,1252,1656,1648,1313,1031
905444,6,3018,3028,1196,1654,2112,1494,1047
906119,7,3020,3025,1236,1654,1648,1334,1058
906814,6,3018,3028,1180,1653,2130,1433,1136
907488,7,3019,8,1334,1865,1742,1344,1072
908270,6,3020,7,1346,2000,1650,1338,1001
908965,7,3019,7,1267,1653,1649,1401,969
909640,7,3020,7,1284,2065,1649,1437,1117
910369,8,3018,7,1227,1652,1649,1306,1065
911151,7,3020,7,1279,2075,1649,1388,982
911844,6,3019,7,1211,1653,1650,1428,982
912521,7,3018,7,1247,2108,1649,1304,1137
913218,8,3019,7,1186,1653,1650,1244,1017
913893,7,3020,7,1653,2012,1492,1219,936
914592,2857,3021,7,1655,1653,1322,1136,982
915434,3014,3021,7,1653,2029,1304,1018,896
916179,3017,3021,7,1653,2068,1272,1018,803
916871,3018,3021,7,1654,1653,1217,945,759
917549,3018,3021,6,1652,2085,1256,905,715
918246,3019,3020,8,1655,1653,1196,884,678
918923,3019,3021,6,1653,2103,1240,898,643
919621,3019,3020,7,1655,1653,1179,876,636
920297,3018,3021,6,1653,2124,1222,884,692
921052,3019,3023,7,1653,2025,1273,1024,649
921834,3018,7,6,1653,1654,1357,1128,691
922800,3018,7,6,1653,1654,1306,1012,821
923584,3017,7,6,1653,1655,1277,1085,772
924448,3020,6,8,2069,1654,1219,1052,844
925270,3019,7,6,1653,1654,1239,1091,794
926149,3019,6,8,2094,1654,1196,973,855
927060,3018,6,8,2107,1654,1181,980,774
927819,3018,6,9,2124,1654,1167,982,733
928487,3020,7,2581,1653,1388,1649,1091,782
929346,3020,6,3014,2002,1330,1649,1212,783
930102,3018,6,3024,2048,1293,1650,1197,832
930803,3018,7,3023,1653,1246,1648,1195,857
931577,3018,7,3024,1653,1227,1648,1189,859
932271,3020,6,3025,2092,1256,1649,1263,866
932948,3018,7,3024,1653,1202,1649,1368,943
933640,3019,6,3025,2112,1235,1648,1346,1092
934317,7,6,3024,1893,1310,1647,1263,1158
935175,7,6,3025,1655,1351,1990,1341,1089
935930,7,7,3026,1654,1305,2037,1615,1152
936605,7,7,3024,1652,1250,1648,1396,1159
937302,7,6,3025,1655,1271,2076,1659,1068
937976,7,7,3024,1653,1222,1649,1417,1137
938672,7,7,3025,1654,1253,2096,1460,1065
939346,9,7,3024,1652,1203,1649,1323,1050
940042,7,6,3026,1656,1238,2113,1570,1054
940731,7,7,3024,1652,1195,1648,1516,1162
941425,6,2791,3030,1371,1653,1952,1448,1122
942249,7,3014,3025,1327,1656,1648,1316,1072
942989,7,3019,3025,1288,1655,1648,1249,1065
943684,7,3017,3028,1239,1653,2068,1367,1103
944356,7,3019,3025,1271,1655,1648,1350,1173
945054,7,3018,3028,1214,1653,2092,1427,1058
945728,7,3019,3026,1255,1656,1649,1304,1109
946423,7,3018,3028,1199,1653,2109,1415,1003
947098,7,3020,3024,1238,1654,1649,1374,1078
947794,7,3018,3028,1181,1653,2128,1452,1090
948469,7,3018,7,1335,1865,1741,1498,1134
949249,8,3019,7,1347,1997,1649,1340,1101
949944,7,3019,8,1268,1653,1648,1402,1086
950619,7,3020,7,1286,2062,1648,1365,1177
951372,7,3020,7,1267,2084,1649,1415,1059
952121,7,3020,7,1253,2098,1649,1437,1029
952821,8,3018,7,1201,1654,1650,1306,1024
953588,7,3019,7,1197,1653,1649,1385,1041
954403,7,3020,7,1225,2128,1649,1283,1147
955189,2664,3021,7,1653,1932,1387,1264,1157
956147,3012,3021,7,1652,2008,1321,1228,1151
957033,3018,3021,8,1655,1653,1251,1042,1086
957878,3018,3021,7,1652,2065,1272,960,910
958767,3019,3020,8,1656,1653,1217,920,793
959697,3019,3020,8,1654,1653,1203,892,787
960458,3019,3020,8,1655,1653,1183,875,709
961215,3019,3021,7,1654,1653,1169,862,654
961970,3019,6,8,1800,1837,1306,888,631
962815,3019,7,7,1654,1655,1326,1051,623
963554,3019,7,6,1653,1654,1279,1106,689
964252,3019,6,8,2073,1654,1218,986,813
965035,3020,6,7,2084,1654,1225,938,750
965790,3019,6,8,2091,1655,1200,975,709
966463,3019,7,6,1654,1655,1238,1006,770
967160,3019,6,8,2115,1654,1177,926,742
967835,3019,8,7,1653,1656,1221,903,694
968531,3019,6,930,2092,1565,1645,1120,658
969207,3018,7,2929,1653,1341,1649,1296,807
969985,3018,7,3019,1653,1280,1648,1240,858
970737,3020,7,3023,1653,1239,1649,1290,886
971485,3018,7,3024,1653,1218,1650,1240,896
972249,3018,3,3024,1654,1214,1649,1356,879
972941,3019,6,3025,2101,1247,1649,1269,919
973627,3018,7,3024,1653,1196,1648,1302,898
974367,3019,7,3024,1903,1305,1648,1384,974
975097,7,7,3024,1653,1315,1648,1284,1113
975957,7,6,3021,1655,1308,2031,1368,997
976712,6,7,3025,1654,1285,2059,1498,1122
977387,7,7,3024,1653,1235,1649,1411,1096
978084,7,6,3025,1655,1262,2086,1452,1188
978760,7,7,3024,1653,1213,1648,1461,1105
979456,7,6,3025,1655,1246,2105,1561,1208
980131,7,8,3024,1652,1194,1649,1374,1233
980828,7,6,3025,1637,1653,1932,1376,1096
981501,7,2884,3025,1387,1654,1649,1423,1031
982288,7,3014,3025,1327,1656,1649,1302,1159
983028,7,3019,3025,1288,1656,1648,1315,1026
983727,7,3018,3028,1235,1654,2072,1547,970
984402,7,3019,3025,1271,1656,1648,1362,1046
985169,7,3019,3025,1258,1656,1648,1274,998
985954,7,3019,3026,1260,1655,1648,1231,1010
986828,7,3019,3026,1208,1652,2105,1515,953
987674,7,3020,3026,1234,1655,2020,1477,1158
988539,8,3019,8,1361,1653,1649,1324,1101
989536,7,3021,7,1313,2030,1649,1399,1153
990426,8,3019,6,1253,1653,1649,1361,1206
991249,7,3020,7,1278,2073,1648,1411,1218
992036,7,3020,7,1271,2081,1648,1294,1105
992811,7,3020,7,1260,2095,1649,1380,1139
993502,8,3018,7,1194,1652,1652,1424,1053
994179,6,3020,7,1652,1991,1483,1307,1030
994875,2865,3020,7,1656,1653,1323,1106,971
995715,3014,3021,7,1652,2025,1306,1002,877
996457,3018,3021,7,1650,2065,1272,941,788
997156,3018,3020,8,1655,1653,1216,984,727
997831,3018,3021,7,1652,2086,1255,1064,713
998528,3019,3020,7,1655,1652,1196,962,807
999279,3018,3021,8,1654,1653,1192,912,741
999955,3017,3021,7,1650,2115,1228,903,686
1000675,3019,3020,7,1654,2083,1250,954,661
