Time (us),Signal 0,Signal 1,Signal 2,Signal 3,Signal 4,Signal 5,Signal 6,Signal 7
1704,7,7,3026,1653,1387,1916,1427,0
3048,7,6,3026,1653,1255,2067,1452,1048
4218,7,6,3026,1655,1273,2100,1479,1184
5412,7,7,3028,1653,1217,1642,1399,1115
6743,7,6,3028,1653,1130,2097,1459,1192
8190,6,7,3026,1656,1278,2095,1555,1109
9532,7,6,3026,1653,1218,1648,1514,1184
10688,7,6,3025,1650,1231,1648,1485,1130
11851,7,6,3025,1652,1238,1648,1329,1095
13056,7,7,3026,1655,1264,2079,1413,1008
14295,7,6,3028,1653,1219,1648,1300,1003
15531,6,7,3026,1655,1274,2084,1547,1029
16724,7,6,3026,1653,1188,2040,1507,1073
17899,7,6,3028,1653,1172,2058,1492,1147
19009,7,6,3029,1654,1236,2078,1488,1178
20121,7,7,3028,1650,1268,2106,1498,1114
21237,7,7,3026,1653,1241,1649,1339,1233
22358,7,6,3026,1650,1214,1648,1336,1079
23508,7,6,3026,1652,1224,1648,1261,1075
24618,7,6,3028,1653,1188,1644,1295,970
25728,7,6,3028,1653,1199,2048,1387,1076
26836,7,7,3025,1653,1245,2078,1442,1100
28089,7,6,3028,1652,1174,2043,1593,1058
29233,7,6,3028,1654,1180,2039,1664,1105
30405,7,6,3028,1654,1185,1643,1490,1156
31640,7,7,3026,1653,1266,2103,1503,1103
32864,7,6,3028,1653,1181,1671,1416,1163
34063,7,7,3026,1652,1231,1647,1437,1075
35574,7,7,3026,1654,1246,2074,1603,1050
36891,7,6,3028,1653,1199,2045,1609,1241
38078,7,6,3028,1650,1208,2036,1680,1202
39238,7,6,3028,1653,1183,2039,1638,1212
40360,7,6,3028,1654,1218,2057,1694,1194
41496,7,7,3026,1654,1185,1647,1506,1214
42709,7,7,3028,1652,1245,1648,1340,1284
44089,7,6,3026,1652,1269,2097,1566,1181
45509,7,7,3026,1653,1264,1648,1514,1152
47008,7,7,3028,1652,1246,1648,1346,1115
48203,7,6,3026,1652,1231,1647,1409,1103
49383,7,7,3026,1653,1260,2113,1467,1047
50569,7,7,3026,1654,1250,2080,1693,1119
51773,7,6,3029,1652,1180,2180,1631,1316
53070,7,6,3026,1653,1302,1648,1401,1242
54395,7,6,3028,1652,1274,1648,1293,1185
55735,7,7,3026,1653,1214,2147,1420,1113
57035,7,6,3028,1653,1196,2051,1520,1133
58259,7,6,3026,1652,1247,2125,1523,1111
59374,6,7,3026,1653,1236,1648,1427,1174
60483,7,7,3026,1653,1205,1648,1374,1092
61593,7,6,3026,1653,1177,2036,1559,1025
62700,7,6,3029,1653,1227,2065,1593,1212
63823,7,7,3026,1653,1273,2092,1619,1181
64985,7,6,3026,1655,1231,2069,1625,1172
66108,7,7,3028,1653,1092,2102,1639,1244
67308,7,6,3026,1654,1166,1648,1409,1354
68333,7,6,3026,1653,1146,2086,1527,1242
69225,7,7,3028,1654,1184,2037,1492,1238
70090,7,7,3025,1653,1233,1648,1335,1145
70957,6,7,3026,1653,1242,1648,1400,1034
71821,7,7,3026,1653,1258,1648,1291,1150
72681,7,7,3026,1653,1266,2067,1398,1019
73538,7,7,3026,1652,1654,1949,1539,1001
74399,8,2919,3029,1310,1654,2003,1481,1056
75496,7,3020,3028,1327,1655,1648,1476,1053
76386,7,3020,3028,1235,1655,1648,1485,1052
77242,7,3021,3028,1214,1656,2078,1564,1192
78086,7,3020,3028,1217,1655,2080,1527,1227
78927,7,3021,3028,1208,1656,2087,1725,1231
79769,7,3021,3028,1218,1655,1648,1446,1383
80608,7,3021,3028,1229,1656,1649,1311,1196
81447,8,3021,3028,1244,1656,1648,1388,1194
82288,7,3023,3028,1256,1655,1648,1286,1223
83135,7,3024,3026,1263,1656,1647,1306,1128
83982,7,3023,3028,1269,1655,1647,1242,1014
84858,6,3021,3028,1236,1655,1648,1213,956
85749,7,3020,3029,1457,1654,1803,1263,924
86693,7,3021,3029,1506,1654,1815,1302,899
87789,7,3021,3029,1300,1653,2008,1372,904
88770,6,3023,3028,1229,1655,1648,1421,1010
89740,6,3020,3030,1242,1653,2050,1660,1147
90723,7,3021,3029,1283,1658,2014,1759,1317
91676,7,3021,3028,1255,1658,2030,1601,1439
92629,6,3023,3028,1234,1656,1648,1389,1290
93522,7,3021,3028,1233,1656,1649,1283,1203
94386,7,3020,3028,1210,1655,2083,1389,1042
95246,7,3020,3029,1219,1652,2072,1435,1085
96107,7,3020,3030,1229,1653,2061,1459,1048
96997,6,3021,3029,1346,1656,1953,1379,1115
97942,7,3023,3028,1227,1655,1757,1384,1184
98821,6,3020,3029,1231,1654,2067,1649,1151
99665,7,3020,3029,1223,1652,2075,1637,1311
100509,7,3021,3028,1211,1654,2085,1781,1387
101365,7,3020,3029,1219,1653,2079,1631,1483
102210,7,3021,3028,1213,1655,2083,1633,1323
103049,7,3021,3028,1203,1654,2091,1782,1393
103889,7,3023,3029,1203,1654,1648,1623,1485
104738,7,3024,3028,1218,1655,1647,1471,1324
105614,7,3020,3028,1212,1654,2083,1482,1323
106455,7,3020,3028,1202,1654,2094,1495,1260
107350,7,3023,3028,1225,1653,2068,1564,1157
108200,6,3021,3029,1235,1653,2062,1522,1141
109041,6,3020,3029,1230,1654,2068,1500,1111
109882,7,3020,3029,1222,1654,2075,1642,1234
110723,7,3020,3028,1213,1654,2084,1570,1212
111563,7,3020,3028,1201,1654,2092,1540,1242
112405,7,3023,3028,1192,1654,2101,1600,1168
113255,7,3021,3026,1195,1653,2046,1543,1229
114100,7,3023,3028,1195,1654,1981,1575,1240
114938,7,3023,3029,1211,1654,1648,1450,1327
115776,7,3023,3028,1228,1654,1648,1459,1244
116625,7,3023,3028,1228,1654,1648,1322,1277
117595,6,3021,3028,1294,1654,1648,1329,1164
118520,7,3020,3028,1207,1654,2087,1413,1045
119487,6,3021,3028,1282,1655,2009,1564,1097
120457,7,3021,3029,1536,1654,1743,1409,1250
121392,7,3021,3029,1402,1653,1927,1460,1117
122292,7,3019,3029,1315,1656,1995,1445,1074
123137,7,3020,3029,1278,1656,2023,1445,1123
124024,7,3023,3028,1262,1655,1649,1385,1148
124934,7,3023,3028,1242,1655,1648,1424,1057
125899,7,3021,3029,1250,1655,2047,1446,1170
126804,6,3021,3029,1211,1654,2070,1605,1170
127856,7,3021,3029,1258,1654,2037,1532,1164
128834,7,3020,3028,1210,1654,2087,1590,1205
129745,7,3021,3030,1218,1654,1648,1382,1244
130723,7,3020,3028,1274,1658,2028,1492,1246
131692,7,3023,3028,1252,1654,1648,1333,1223
132611,7,3023,3029,1245,1653,2095,1559,1070
133526,7,3020,8,1376,1938,1649,1444,1235
134920,7,3021,7,1302,2050,1649,1315,1126
135867,7,3020,7,1235,2015,1648,1252,1089
136725,7,3021,7,1213,2058,1648,1221,978
137654,7,3021,7,1246,1653,1649,1344,1002
138518,8,3021,8,1258,1653,1648,1266,1111
139379,7,3021,8,1266,1653,1649,1367,993
140239,8,3021,7,1272,2035,1648,1273,979
141100,7,3021,8,1277,2087,1648,1300,929
141959,7,3020,7,1284,2078,1649,1383,915
142819,7,3021,7,1275,2072,1648,1285,1083
143681,7,3023,7,1262,2064,1649,1306,986
144546,6,3023,7,1250,2054,1648,1385,945
145477,7,3020,7,1233,1653,1649,1357,1100
146537,7,3021,7,1230,2010,1648,1410,1095
147540,7,3021,8,1311,1654,1648,1367,1183
148519,6,3021,6,800,1652,1649,1271,1208
149490,6,3021,7,1197,2108,1648,1299,1039
150445,6,3023,7,1249,2047,1648,1313,968
151314,7,3021,7,1205,2029,1648,1249,1083
152204,7,3020,7,1229,1653,1645,1214,968
153053,7,3020,7,1233,1653,1648,1197,997
153892,7,3021,7,1224,1647,1648,1195,936
154733,7,3020,7,1213,2021,1648,1334,973
155572,7,3023,7,1197,2032,1647,1329,1090
156410,7,3023,7,1212,2041,1647,1252,1006
157286,7,3021,7,1227,2031,1649,1219,1076
158158,7,3021,6,1219,1659,1648,1343,976
159019,7,3021,7,1229,1653,1648,1404,1097
159879,7,3021,8,1239,1653,1649,1289,1183
160759,7,3021,7,1268,2023,1648,1234,1112
161628,7,3021,7,1217,2034,1648,1282,997
162491,6,3021,7,1197,2029,1649,1229,940
163352,6,3021,7,1207,2024,1649,1350,913
164213,7,3021,7,1217,1689,1648,1268,932
165072,7,3021,7,1225,1654,1648,1296,908
165933,7,3021,7,1231,1654,1648,1241,904
166872,8,3020,7,1273,2097,1648,1289,879
167761,7,3021,7,1196,2034,1649,1238,958
168512,7,3021,7,1246,2067,1649,1211,976
169210,7,3021,7,1245,1654,1649,1199,923
169903,6,3021,7,1284,2087,1648,1192,901
170596,7,3021,7,1217,2045,1648,1188,884
171291,8,3020,8,1245,1654,1648,1188,945
171983,6,3023,7,1285,2085,1648,1185,907
172690,7,3020,7,1203,2036,1649,1184,887
173387,905,3021,8,1653,1654,1424,1094,869
174080,2929,3024,7,1652,1976,1340,1010,825
174929,3017,3024,7,1653,2013,1322,1036,768
175641,3019,3023,8,1655,1814,1247,1090,749
176336,3019,3023,7,1653,1654,1275,1124,835
177018,3019,3024,7,1652,2037,1256,995,891
177721,3020,3023,7,1655,2013,1328,1101,791
178497,3019,3023,7,1652,1782,1534,1098,860
179302,3020,3023,8,1652,1654,1387,1034,827
180068,3020,3021,7,1654,1968,1274,1026,853
180912,3020,3023,7,1654,1654,1272,1028,787
181612,3020,3023,7,1649,2042,1256,1017,759
182309,3020,3023,8,1655,1650,1234,951,737
183004,3019,3023,7,1653,2073,1274,1059,700
183696,3020,3023,7,1654,2041,1245,978,731
184389,3017,3023,7,1654,1654,1234,984,716
185082,3019,3023,6,1653,2087,1273,1072,777
186047,3020,3023,7,1654,1978,1361,1151,774
186828,3020,3023,8,1652,1764,1548,1130,873
187701,3020,3024,7,1652,1957,1360,1037,913
188520,3020,3024,6,1652,2030,1291,1105,820
189424,3020,3023,7,1654,1654,1258,1123,807
190321,3020,3024,7,1652,2036,1225,1004,877
191300,3020,3023,7,1652,1844,1478,1026,789
192541,3021,3024,7,1653,1654,976,923,831
193413,3021,3024,7,1654,1653,1174,881,736
194276,3020,3023,7,1655,2102,1137,921,746
195146,3020,3023,7,1652,1653,909,772,695
196101,3020,3023,4,1652,1653,636,583,609
196945,3020,3024,7,1654,1653,1125,698,554
197698,3020,3023,7,1652,1653,1218,866,507
198441,3020,3023,7,1658,2040,1194,863,625
199171,3020,3023,7,1653,2096,1269,942,608
199897,3021,3023,7,1654,2026,1203,979,633
200617,3020,3023,7,1653,2094,1267,997,736
201411,3020,3023,7,1653,1653,1234,943,793
202215,3021,3019,7,1654,1653,1228,987,724
202975,3020,3023,7,1656,2035,1217,1007,709
203748,3020,3023,7,1653,2061,1251,1004,778
204526,3019,3023,7,1653,2100,1267,937,818
205315,3021,3023,8,1653,1653,1233,913,741
206112,3020,3023,7,1656,2045,1195,888,693
206932,3020,3023,7,1653,2064,1231,890,726
207822,3021,3023,8,1652,1653,1244,1012,675
208636,3019,7,8,1816,1741,1358,1124,766
209622,3021,6,7,2087,1654,1213,1072,858
210447,3020,6,7,2070,1654,1222,1046,879
211257,3020,6,7,2029,1655,1262,960,879
212162,3021,7,6,2018,1652,1279,925,775
212965,3021,4,8,2032,1654,1263,897,706
213878,3020,6,6,1652,1654,1258,954,706
214981,3020,6,8,2056,1654,1244,908,3020
216060,3021,7,6,1652,1654,1258,888,719
217130,3020,7,6,1653,1654,1340,991,739
217944,3020,7,6,2012,1655,1264,1007,721
218747,3020,7,7,1653,1654,1240,1069,719
219525,3020,7,6,1653,1655,1283,1053,809
220365,3020,7,7,1653,1654,1234,971,851
221155,3020,7,7,1653,1654,1245,985,761
221926,3021,6,8,2048,1654,1250,998,724
222638,3020,7,7,1653,1654,1228,1014,717
223333,3020,7,8,2054,1654,1236,1001,715
224036,3020,7,6,2013,1654,1100,892,786
224802,3020,6,6,1654,1654,687,738,771
225594,3020,7,7,1934,1654,1423,879,631
226380,3020,7,7,1750,1654,1479,967,692
227214,3021,7,7,1653,1654,1304,940,683
228023,3021,7,8,2024,1654,1191,902,672
228843,3021,6,8,2084,1654,1210,887,648
229657,3019,6,7,2084,1655,1205,882,630
230419,3019,7,6,1647,1655,1272,885,619
231135,3019,7,7,2105,1654,1192,873,687
231844,3019,6,8,2039,1654,1257,1014,642
232553,3020,6,7,1653,1653,1222,952,683
233260,3020,6,8,2052,1654,1241,1042,672
233967,3018,7,7,1653,1655,1255,1092,777
234674,3020,6,8,2072,1655,1219,987,851
235401,3019,7,6,2023,1655,1264,932,772
236111,3021,7,8,2073,1654,1218,981,716
236817,3020,7,1291,1919,1496,1647,1164,706
237538,3021,6,2963,1963,1378,1652,1249,777
238356,3023,6,3024,2013,1305,1649,1361,820
239065,3019,7,3025,1654,1263,1648,1275,1028
239760,3020,6,3025,2069,1291,1648,1373,957
240452,3021,6,3028,2029,1256,1649,1352,1100
241144,3020,7,3025,1653,1253,1648,1267,1024
241838,3020,6,3026,2073,1286,1648,1366,947
242530,3021,7,3026,2031,1251,1649,1418,1094
243222,3020,7,3025,1652,1250,1647,1301,1188
243914,3021,6,3025,2073,1289,1649,1240,1045
244607,3021,6,3026,2032,1246,1649,1211,969
245299,3020,6,3025,1652,1251,1648,1199,920
245991,3021,6,3026,2073,1289,1648,1192,901
246685,3020,6,3026,2034,1249,1649,1332,879
247426,3020,6,3028,2052,1307,1652,1333,910
248158,3019,7,3026,2007,1230,1648,1260,924
248899,3021,6,3026,2045,1258,1649,1299,969
249609,3019,7,3026,1652,1253,1648,1242,940
250314,3021,6,3028,2063,1293,1649,1285,974
251021,3020,7,3025,2012,1227,1647,1234,930
251725,3020,6,3026,2024,1283,1648,1282,919
252431,3021,6,3026,2032,1230,1647,1304,1046
253137,3021,7,3026,1653,1261,1648,1319,975
253842,3020,7,3028,2056,1266,1648,1322,951
254548,3020,7,3026,1653,1236,1647,1251,937
255283,3021,6,3026,2086,1282,1649,1216,899
256057,3020,7,3028,1783,1533,1648,1203,897
256858,3020,7,3025,1873,1358,1648,1192,956
257581,3021,6,3026,2089,1275,1648,1330,915
258356,3020,7,3026,1792,1527,1647,1396,1063
259141,3020,7,3026,1648,1455,1648,1365,1021
259917,7,7,3025,1726,1401,1855,1435,1062
260881,7,6,3028,1653,1317,1992,1427,1109
261700,7,4,3028,1653,1262,2012,1504,1202
262428,7,6,3026,1653,1291,1648,1413,1278
263148,7,6,3025,1654,1240,2020,1568,1277
263845,7,7,3026,1653,1272,1648,1369,1201
264536,7,6,3028,1653,1295,2057,1494,1221
265228,6,6,3024,1653,1229,2019,1540,1139
265921,7,7,3025,1653,1268,1648,1500,1263
266612,7,6,3028,1653,1295,2059,1487,1301
267356,7,7,3025,1653,1222,2021,1682,1251
268106,7,6,3028,1653,1256,2045,1642,1373
268842,8,7,3025,1653,1275,1648,1409,1275
269553,7,6,3026,1653,1245,2035,1429,1203
270259,7,7,3025,1652,1262,1648,1377,1181
270966,7,6,3028,1650,1277,2054,1427,1069
271669,7,7,3026,1652,1239,2008,1431,1114
272375,7,7,3026,1656,1288,1976,1514,1062
273081,7,7,3028,1653,1224,2029,1478,1214
273785,7,7,3025,1652,1267,1649,1333,1274
274491,7,6,3028,1653,1260,2050,1472,1100
275195,7,7,3025,1653,1242,1643,1322,1072
275931,7,6,3028,1653,1262,2052,1544,995
276642,7,7,3026,1653,1249,1648,1365,1056
277361,7,6,3026,1654,1301,2072,1426,1075
278062,7,7,3025,1652,1218,2023,1652,1039
278757,7,7,3026,1652,1264,1648,1557,1119
279449,7,6,3026,1653,1267,2068,1594,1257
280141,7,6,3025,1652,1213,2026,1737,1271
280833,7,7,3026,1650,1261,1648,1532,1268
281526,7,6,3026,1653,1268,2070,1510,1179
282219,7,851,3028,1568,1654,1836,1426,1202
282913,8,2926,3029,1340,1654,1648,1374,1106
283728,7,3017,3026,1352,1654,1967,1461,1031
284435,7,3019,3028,1267,1655,1648,1461,1039
285130,7,3021,3029,1280,1653,2029,1454,1175
285823,6,3023,3028,1305,1658,2003,1514,1098
286520,7,3020,3028,1236,1655,1648,1344,1087
287297,6,3020,3028,809,1654,1649,1339,1010
288084,4,3019,3028,1009,1670,2113,1572,976
288951,8,3021,3028,1489,1655,1858,1463,1195
289771,7,3021,3028,1344,1655,1703,1329,1114
290550,6,3020,3029,1307,1654,2006,1521,1095
291289,7,3021,3029,1239,1654,1648,1349,1229
292101,7,3023,3028,1282,1656,2024,1545,1081
292893,6,3021,3029,1266,1654,2041,1578,1166
293653,6,3023,3028,1233,1654,1648,1520,1152
294426,7,3019,3028,1267,1653,2036,1489,1118
295141,7,3023,3028,1267,1655,1647,1402,1163
295865,7,3020,3029,1246,1653,2062,1517,1072
296576,7,3023,3028,1266,1655,1648,1345,1081
297275,7,3020,3029,1245,1652,2069,1416,1086
297969,7,3020,3028,1285,1654,2025,1504,1040
298662,7,3023,3028,1235,1655,1648,1485,1129
299356,6,3020,3029,1241,1654,2069,1631,1228
300051,7,3021,3028,1283,1656,2024,1609,1273
300744,7,3023,3028,1227,1654,1648,1396,1212
301438,7,3020,3030,1242,1654,2067,1438,1096
302130,7,3023,3028,1280,1656,2028,1592,1200
302822,7,3021,3028,1223,1654,1649,1385,1175
303515,7,3020,3029,1240,1653,2070,1434,1146
304206,7,3023,3028,1280,1656,2029,1515,1222
304898,7,3023,3029,1221,1654,1648,1345,1147
305591,7,3020,8,1301,1654,1810,1471,1040
306408,7,3020,7,1350,1653,1648,1395,1183
307134,7,3021,7,1297,2012,1648,1288,1078
307847,7,3021,7,1280,1654,1648,1307,981
308561,6,3021,7,1294,2045,1649,1321,943
309302,7,3021,7,1389,1653,1648,1395,1002
310036,7,3021,7,1297,1996,1648,1286,1133
310750,8,3020,7,1290,1653,1648,1376,1006
311458,7,3021,7,1267,2036,1648,1350,989
312166,8,3021,7,1261,1653,1649,1341,964
312871,7,3023,7,1294,2061,1649,1261,953
313576,7,3021,7,1235,2013,1647,1363,910
314282,8,3021,7,1286,1653,1649,1271,935
314988,7,3021,7,1239,2034,1648,1229,907
315710,7,3020,8,1264,1653,1648,1346,971
316418,7,3021,7,1244,2042,1648,1407,959
317120,8,3021,7,1257,1653,1648,1291,976
317825,7,3021,6,1141,2150,1648,1239,936
318548,7,3021,7,1179,2056,1648,1284,970
319321,6,3023,7,1231,2054,1648,1230,1072
320058,7,3021,7,1272,1654,1648,1349,985
320766,7,3021,7,1238,2052,1649,1338,967
321543,6,3021,7,1267,2072,1648,1401,948
322314,7,3021,7,1274,1654,1648,1288,1108
323109,7,3021,7,1257,1654,1648,1307,996
323835,7,3021,7,1253,2064,1649,1250,1094
324599,1006,3021,8,1653,1857,1376,1105,978
325390,2963,3023,7,1653,1969,1313,1008,879
326306,3018,3023,7,1653,2046,1300,1095,799
327163,3020,3023,7,1653,1654,1279,987,862
327899,3020,3023,8,1654,1653,1263,926,775
328609,3019,3024,6,1649,2068,1285,908,715
329327,3020,3023,7,1652,1654,965,787,670
330064,3019,3024,7,1652,2117,1207,835,599
330772,3020,3023,7,1655,1652,1222,859,594
331689,3020,3024,7,1654,2034,1233,884,593
332414,3020,3024,7,1653,1654,1272,954,673
333124,3020,3024,8,1653,2032,1239,904,746
333831,3020,3023,8,1653,1653,1256,888,683
334539,3019,3024,7,1650,2053,1268,1028,652
335246,3021,3023,7,1653,1649,1234,960,693
335955,3019,3024,6,1653,2074,1288,929,755
336666,3020,3023,7,1656,2024,1202,969,706
337383,3020,3023,7,1653,1653,1266,924,695
338081,3020,3023,7,1650,2057,1272,973,669
338775,3021,3023,7,1654,2018,1211,921,749
339469,3019,3023,8,1653,1653,1258,1036,693
340163,3019,3024,7,1650,2059,1257,953,719
340857,3020,3023,8,1654,2020,1212,916,694
341550,3019,3023,6,1652,1654,1258,1036,736
342244,3020,3023,7,1653,2061,1247,945,807
342937,3020,3023,7,1653,1901,1212,985,728
343631,3020,3023,7,1652,1943,1315,1025,782
344325,3020,7,7,1653,1654,1350,1128,755
345136,3020,7,7,1653,1655,1283,1144,785
345850,3020,7,8,2015,1653,1282,1156,875
346550,3020,7,7,1653,1654,1283,1162,855
347249,3021,6,8,2069,1654,1222,1018,916
347951,3020,6,7,2018,1655,1278,1091,888
348647,3019,7,7,1653,1653,1260,980,903
349345,3020,4,8,2051,1654,1345,1031,864
350075,3020,6,8,1995,1653,1283,958,793
350824,3019,7,7,1653,1654,1282,923,730
351595,3020,7,8,2078,1654,1223,905,683
352383,3021,6,8,2056,1654,1236,903,727
353153,3020,6,7,1970,1654,1398,947,680
353934,3021,7,7,1755,1653,1564,1107,678
354667,3020,7,7,1691,1653,1616,1136,736
355466,3020,6,6,1653,1654,1170,1057,783
356260,3020,7,6,1652,1654,1283,974,841
357068,3021,6,8,2051,1654,1228,937,763
357869,3020,7,8,2029,1654,1262,908,709
358583,3020,7,6,1652,1654,1244,908,672
359291,3020,6,8,2059,1654,1234,907,649
359997,3019,7,7,1653,1654,1275,892,644
360704,3021,6,7,2083,1653,1208,886,639
361409,3019,7,7,2034,1653,1260,1021,697
362115,3020,6,1882,1652,1462,1649,1109,714
362821,3020,6,2978,1945,1338,1648,1221,754
363647,3019,7,3023,1981,1263,1648,1205,822
364372,3019,6,3025,2047,1310,1647,1267,846
365078,3019,7,3025,2008,1241,1648,1228,1007
365786,3020,7,3025,1653,1285,1647,1352,951
366492,3021,6,3026,2029,1263,1648,1336,951
367192,3020,7,3026,1653,1211,1648,1334,942
367894,3019,7,3026,1652,982,1652,1261,941
368615,3019,7,3025,1653,1191,1648,1221,978
369313,3023,6,3026,2085,1282,1652,1203,937
370025,3020,6,3026,2179,1153,1649,1199,909
370723,3018,7,3025,1658,1205,1648,1192,891
371414,3019,6,3026,1653,1273,1647,1191,882
372106,3020,6,3026,2046,1260,1647,1258,877
372799,3018,7,3025,1658,1233,1649,1297,875
373490,3020,6,3025,1653,1275,1648,1244,962
374183,3020,6,3025,2047,1258,1648,1284,908
374875,3019,7,3026,1693,1229,1649,1235,1042
375566,3019,6,3026,1653,1271,1649,1210,970
376277,3021,6,3026,2053,1255,1648,1338,927
376971,7,7,3026,1769,1363,1648,1332,935
377793,7,7,3025,1655,1343,1686,1405,931
378514,7,6,3025,1653,1263,1989,1410,1034
379222,7,7,3026,1652,1302,1648,1372,1013
379929,7,6,3025,1654,1258,2018,1548,991
380635,8,7,3025,1652,1277,1647,1361,1192
381342,7,6,3025,1652,1284,2039,1483,1144
382079,7,7,3026,1653,1272,1648,1406,1241
382841,7,7,3026,1653,1244,2004,1634,1117
383587,7,6,3026,1652,1278,2041,1617,1290
384311,7,7,3026,1652,1260,1649,1473,1224
385099,7,7,3026,1652,1251,1661,1468,1203
385884,7,6,3026,1653,1412,1863,1489,1261
386677,7,7,3026,1653,1577,1719,1434,1159
387429,7,7,3026,1653,1627,1671,1457,1084
388236,7,7,3028,1654,1413,1927,1488,1200
389047,7,7,3026,1653,1326,2007,1675,1199
389795,7,7,3026,1652,1326,1647,1498,1346
390690,7,6,3025,1653,1231,2020,1540,1345
391419,7,6,3025,1656,1285,1884,1623,1218
392114,7,8,3028,1653,1230,2042,1758,1195
392809,7,2037,3028,1451,1654,1648,1538,1378
393502,6,2976,3029,1334,1655,1990,1553,1377
394315,7,3018,3029,1282,1654,2029,1641,1312
395025,7,3019,3026,1311,1656,1998,1677,1246
395720,7,3021,3028,1256,1654,1648,1423,1233
396434,7,3020,3030,1272,1653,2035,1438,1258
397126,7,3021,3028,1282,1655,1648,1382,1134
397837,7,3020,3029,1263,1653,2041,1562,1048
398544,7,3023,3028,1285,1656,1643,1512,1087
399251,6,3020,3030,1249,1654,2057,1633,1222
399958,7,3020,3028,1295,1655,2010,1747,1200
400664,7,3020,3028,1230,1654,1648,1537,1378
401371,7,3020,3029,1277,1653,2030,1709,1305
402077,7,3023,3028,1260,1654,1648,1445,1411
402782,7,3020,3029,1252,1654,2054,1455,1213
403487,7,3023,3028,1299,1655,2006,1444,1119
404195,7,3020,3028,1225,1654,2061,1543,1068
404901,7,3020,3028,1280,1653,2026,1636,1089
405608,7,3021,3028,1228,1654,1648,1477,1278
406314,7,3020,3029,1258,1653,2050,1468,1157
407016,7,3023,3028,1261,1654,1648,1323,1098
407710,7,3020,3028,1225,1654,2086,1485,1007
408403,7,3020,3029,1268,1654,2042,1614,1175
409096,7,3024,3028,1242,1654,1648,1396,1310
409788,7,3020,3029,1223,1655,2087,1522,1216
410487,7,3020,7,1377,1653,1664,1494,1217
411306,7,3021,7,1352,2009,1649,1338,1280
412015,7,3020,7,1267,1990,1648,1261,1179
412728,7,3021,6,1304,1653,1648,1225,1018
413429,7,3020,7,1235,2017,1648,1344,954
414177,7,3021,7,1282,2047,1648,1262,948
414928,7,3020,6,1280,1653,1649,1299,907
415707,7,3021,8,1269,1653,1648,1244,909
416482,7,3020,8,1230,2004,1648,1286,954
417295,7,3021,7,1263,2034,1647,1306,1065
418101,6,3021,7,1257,2039,1648,1247,982
418884,7,3021,7,1271,2053,1648,1288,923
419671,9,3020,7,1238,1654,1649,1376,1051
420474,7,3020,7,1231,1653,1647,1418,1148
421237,7,3021,7,1212,2037,1648,1442,1211
422002,6,3023,7,1258,2063,1649,1310,1251
422715,7,3021,8,1242,1653,1650,1318,1218
423424,7,3023,7,1278,2075,1650,1391,1208
424134,7,3019,7,1223,2025,1652,1433,1229
424841,2556,3021,7,1653,1837,1393,1196,1257
425669,3007,3023,7,1652,2001,1338,1203,1053
426395,3019,3023,7,1654,1654,1274,1040,1029
427098,3019,3024,7,1652,2042,1296,967,877
427794,3020,3023,7,1656,2004,1233,1004,781
428488,3019,3023,7,1652,1653,1278,1086,814
429182,3019,3023,7,1652,2040,1283,1125,798
429875,3020,3023,7,1655,2006,1229,1003,804
430573,3020,3023,8,1652,1654,1274,940,753
431296,3020,3023,7,1652,2019,1231,914,702
431995,3020,3023,7,1653,1653,1261,890,675
432688,3019,3024,6,1652,2059,1297,894,645
433381,3019,3024,7,1658,2019,1213,888,632
434076,3020,3023,7,1653,1655,1260,1020,695
434780,3018,3023,7,1652,2057,1271,948,780
435478,3020,3023,7,1652,1774,1223,924,792
436184,3020,3023,7,1653,2095,1274,1046,787
436885,3020,3023,7,1655,2026,1200,1026,766
437598,3020,3023,8,1652,1654,1249,940,748
438307,3020,3023,6,1652,2059,1246,975,700
439014,3020,3023,7,1653,1653,1225,929,694
439722,3019,7,7,1650,1822,1362,1018,744
440540,3020,7,7,1921,1654,1361,987,804
441259,3020,6,7,2020,1654,1267,1074,747
441968,3020,7,7,1995,1653,1299,985,759
442674,3020,7,6,1653,1650,1250,990,724
443382,3020,7,8,2021,1654,1271,937,710
444091,3020,7,7,1652,1654,1269,1051,683
444799,3021,6,8,2041,1654,1253,1096,717
445515,3020,7,6,1997,1655,1383,1108,824
446284,3020,7,7,1761,1654,1561,1115,880
447049,3020,7,7,1652,1655,1459,1217,836
447767,3020,6,8,1965,1654,1305,1131,862
448510,3020,8,6,1654,1653,1283,1010,908
449268,3020,7,7,2013,1653,1279,945,809
450026,3020,6,8,2072,1653,1217,915,739
450815,3020,6,6,2080,1653,1203,891,684
451577,3019,7,6,1654,1655,1247,874,648
452354,3019,6,6,2021,1655,1273,877,699
453162,3020,6,7,2030,1654,1260,1013,650
453917,3021,6,1054,1980,1543,1647,1244,688
454641,3020,7,2952,1653,1356,1649,1293,802
455530,3021,7,3024,1997,1304,1648,1238,921
456257,3020,7,3025,1653,1293,1648,1212,918
456969,3021,7,3025,2020,1277,1648,1200,894
457686,3019,7,3025,1653,1266,1648,1338,954
458397,3021,6,3026,2047,1307,1649,1262,1086
459104,3020,6,3025,1998,1245,1649,1299,975
459810,3020,6,3025,2070,1296,1648,1313,1009
460514,3020,6,3028,2021,1242,1648,1249,1103
461219,3020,7,3026,1653,1272,1648,1362,979
461924,3021,6,3026,2045,1274,1648,1269,968
462645,3020,7,3025,1653,1256,1648,1230,923
463350,3020,6,3026,2059,1290,1647,1207,978
464056,3019,7,3025,2013,1228,1647,1194,924
464761,3019,6,3026,2080,1280,1648,1336,891
465468,3020,6,3026,2036,1223,1648,1261,915
466172,3020,7,3026,1962,1316,1648,1221,898
466878,7,7,3028,1653,1372,1948,1377,965
467661,7,6,3025,1654,1300,1647,1278,967
468371,7,6,3028,1653,1264,2014,1505,1001
469090,7,7,3026,1654,1294,1649,1344,1109
469785,7,7,3026,1653,1285,2032,1401,1020
470477,7,7,3026,1654,1255,1997,1412,1080
471345,7,6,3026,1653,1296,1647,1294,1113
472075,6,7,3026,1653,1246,2000,1361,1003
472770,7,6,3026,1650,1288,1647,1347,979
473464,7,6,3026,1653,1273,2041,1404,963
474156,3,7,3025,1652,1244,2003,1417,976
474849,7,7,3026,1653,1283,1648,1374,1131
475543,7,6,3028,1653,1263,2045,1492,1048
476238,6,7,3025,1650,1239,2006,1459,1053
476973,7,6,3026,1655,1282,1648,1395,1042
477695,7,7,3028,1653,1004,1647,1289,1083
478477,4,4,3026,1653,667,1648,1374,1057
479269,7,323,3028,1600,1654,1766,1333,1010
480068,7,2947,3028,1617,1654,1671,1269,1042
481017,7,3018,3029,1473,1652,1866,1319,957
481807,7,3019,3028,1335,1654,1982,1510,1015
482581,7,3021,3026,1306,1655,1650,1484,1048
483402,7,3021,3029,1293,1653,2010,1457,1054
484170,7,3020,3028,1260,1654,2053,1539,1120
484935,7,3023,3028,1258,1654,1648,1360,1181
485647,7,3020,3028,1269,1654,2037,1626,1062
486356,7,3021,3026,1280,1655,1648,1400,1260
487087,7,3020,3029,1250,1652,2037,1645,1194
487796,7,3023,3028,1271,1654,1649,1412,1332
488493,7,3020,3030,1242,1654,2069,1597,1234
489195,7,3020,3028,1286,1654,2020,1590,1192
489892,7,3021,3028,1233,1654,1648,1459,1166
490586,7,3019,3029,1249,1653,2062,1472,1100
491279,7,3023,3026,1286,1656,2023,1456,1072
491999,7,3020,3028,1217,1655,1776,1429,1126
492711,6,3020,3028,1277,1653,2034,1442,1142
493405,7,3021,3028,1229,1654,1987,1583,1079
494098,8,3020,7,1368,1652,1649,1455,1250
494912,7,3021,7,1264,2017,1648,1460,1207
495621,7,3021,7,1285,1652,1649,1461,1120
496316,7,3021,7,1305,2043,1649,1322,1078
497047,7,3020,7,1245,2006,1648,1323,1000
497760,7,3021,7,1269,2034,1648,1251,1105
498467,7,3020,8,1267,1653,1648,1293,1056
499176,7,3021,7,1295,2052,1648,1379,1047
499882,7,3021,7,1246,2004,1650,1424,1147
500591,7,3020,7,1295,1923,1648,1299,1214
501297,7,3021,7,1230,2025,1648,1312,1130
502006,7,3020,7,1275,1654,1648,1249,1018
502713,7,3021,7,1253,2047,1648,1293,1009
503419,8,3021,7,1250,1654,1649,1313,1023
504126,7,3023,7,1283,2072,1648,1250,1039
504832,7,3020,7,1224,2023,1649,1294,947
505540,7,3020,7,1274,1656,1650,1380,926
506246,2482,3024,8,1653,1896,1367,1161,1089
506952,2996,3023,8,1653,1653,1326,1039,957
507734,3019,3023,7,1654,2017,1241,948,851
508438,3020,3023,7,1653,1654,1279,1057,824
509135,3019,3023,6,1653,2035,1290,978,857
509840,3020,3023,7,1653,1654,931,813,768
510606,3020,3023,6,1653,1654,678,623,660
511360,3020,3023,7,1655,1653,1103,782,529
512086,3019,3024,7,1653,2106,1264,833,605
512880,3020,3024,7,1653,1780,1536,968,660
513651,3020,3023,7,1653,1697,1581,1054,670
514447,3020,3023,7,1653,1934,1367,1004,782
515176,3020,3023,7,1653,1653,1279,1086,743
515967,3019,3024,7,1652,2030,1317,998,764
516810,3020,3023,7,1653,1653,1269,934,732
517628,3020,3024,6,1653,2089,1275,1047,698
518470,3020,3023,7,1653,2069,1244,1087,792
519254,3020,7,7,1652,1836,1350,1157,854
520087,3020,7,7,1910,1652,1368,1199,913
520812,3019,6,7,2015,1653,1268,1031,959
521520,3019,7,7,1992,1654,1300,1103,838
522226,3019,7,7,1653,1654,1258,1059,885
522933,3020,6,8,2024,1655,1271,1107,819
523639,3020,7,6,1652,1654,1280,1134,876
524345,3020,6,8,2050,1655,1244,1021,915
525054,3020,7,7,2001,1654,1293,1098,819
525761,3019,6,7,2081,1655,1214,989,804
526466,3019,6,8,2024,1654,1271,935,747
527168,3019,7,6,1653,1654,1245,898,698
527863,3020,6,8,2057,1654,1234,873,658
528554,3019,7,6,2019,1653,1273,1023,703
529246,3020,7,7,1653,1654,1236,1032,716
529939,3023,6,8,2065,1655,1224,1030,726
530632,3020,7,6,2028,1653,1262,952,727
531325,3019,7,328,1653,1611,1648,1075,700
532023,3021,7,2914,1924,1391,1648,1131,733
532846,3021,6,3021,1652,1294,1648,1236,849
533557,3020,6,3026,2009,1258,1648,1211,877
534250,3019,7,3025,1652,1277,1648,1200,885
534942,3023,6,3026,2048,1311,1650,1196,884
535634,3019,6,3026,2013,1252,1648,1189,946
536346,3019,7,3026,1652,1268,1649,1329,901
537039,3021,6,3028,2042,1289,1647,1253,1056
537750,3020,7,3026,1652,1257,1649,1218,957
538456,3021,6,3028,2058,1300,1647,1343,926
539161,3020,7,3026,2008,1230,1649,1338,936
539867,3020,7,3026,1931,1283,1649,1261,940
540572,3021,7,3026,2034,1234,1648,1219,904
541277,3020,7,3025,1654,1256,1649,1202,894
541996,3019,7,3026,1881,1462,1634,1261,880
542781,7,7,3025,1717,1621,1622,1214,876
543734,7,7,3026,1653,1658,1641,1274,881
544530,7,7,3026,1653,1677,1621,1290,954
545344,7,7,3023,1653,1461,1816,1308,925
546100,7,7,3028,1652,1358,1957,1422,918
546912,7,6,3025,1654,1338,2025,1439,964
547747,7,7,3026,1653,1282,1648,1450,1067
548519,7,7,3025,1654,1247,1996,1506,1185
549277,7,6,3028,1653,1261,2050,1485,1128
549991,7,7,3025,1652,1256,1648,1329,1233
550696,7,6,3028,1654,1295,2062,1477,1151
551402,4,7,3026,1653,1228,2013,1528,1098
552108,7,6,3026,1653,1279,1648,1496,1095
552841,7,7,3025,1653,1219,2021,1547,1219
553571,7,6,3028,1656,1654,1910,1522,1233
554278,7,2874,3028,1409,1658,1912,1514,1229
555106,7,3015,3028,1357,1656,1954,1592,1223
555825,7,3019,3029,1279,1654,1990,1515,1183
556552,7,3020,3028,1312,1653,1993,1466,1205
557273,7,3020,3029,1278,1652,2032,1678,1119
557969,7,3020,3028,1310,1656,1997,1550,1308
558664,7,3021,3028,1253,1654,1648,1506,1282
559357,7,3020,3029,1269,1654,2042,1481,1315
560050,7,3021,3028,1304,1658,2004,1670,1178
560743,7,3023,3028,1242,1654,1647,1495,1335
561436,7,3020,3029,1261,1653,2051,1478,1339
562129,7,3023,3028,1299,1655,2010,1532,1190
562822,7,3020,3028,1228,1654,1648,1352,1144
563516,7,3021,3029,1255,1653,2056,1411,1117
564210,6,3023,3028,1294,1654,2017,1501,1054
564902,7,3020,3028,1216,1654,1648,1341,1064
565594,7,3019,3029,1247,1653,2063,1483,1000
566287,7,3020,8,1341,1814,1796,1467,1172
567113,7,3020,7,1378,1654,1648,1466,1175
567838,7,3020,7,1311,1654,1647,1391,1107
568545,7,3021,7,1308,2024,1648,1428,1041
569266,7,3021,7,1279,1652,1647,1301,1164
569986,6,3021,7,1294,2037,1648,1241,1031
570692,7,3020,7,1261,1993,1649,1214,940
571401,7,3020,7,1306,2070,1648,1202,907
572111,7,3020,8,1231,2012,1649,1192,890
572823,7,3021,7,1289,1653,1648,1333,881
573545,7,3020,7,1221,2019,1648,1256,909
574269,7,3021,8,1435,1847,1648,1362,1029
575062,7,3021,7,1573,1724,1652,1415,992
575873,7,3021,7,975,1654,1648,1295,997
576677,6,3021,6,676,1654,1649,1380,945
577555,2017,3023,8,1654,1654,1362,1230,1098
578323,2990,3023,8,1654,1645,1291,1056,991
579258,3019,3023,6,1652,2098,1263,1032,873
580086,3020,3021,7,1653,1653,1257,953,875
580851,3019,3023,7,1654,2009,1236,923,770
581620,3019,3023,7,1652,2025,1267,901,704
582336,3020,3023,8,1654,1654,1268,892,666
583042,3019,3023,7,1652,2042,1283,968,713
583749,3021,3021,8,1653,1647,1242,915,698
584457,3020,3024,7,1653,2069,1290,1048,738
585163,3020,3023,7,1655,2019,1214,967,744
585869,3020,3023,7,1652,1654,1266,1064,713
586575,3020,3023,7,1653,2046,1241,1028,741
587274,3021,3023,8,1653,1683,1207,1023,808
587971,3020,3023,7,1653,1894,1258,1087,835
588664,3019,3024,7,1653,2057,1231,1057,875
589356,3020,3023,7,1653,2007,1285,1048,814
590049,3019,7,7,1884,1653,1384,1084,781
590862,3020,7,7,1957,1654,1330,1147,849
591572,3020,7,7,1652,1655,1264,1008,840
592266,3020,7,8,2017,1654,1273,942,772
592965,3020,7,6,1647,1654,1306,926,713
593691,3020,6,8,2039,1654,1252,893,677
594386,3019,7,7,2002,1655,1290,897,645
595080,3019,7,7,1653,1654,1245,876,634
595772,3020,7,8,2046,1654,1245,1012,619
596486,3018,7,6,2004,1655,1285,953,672
597203,3020,6,7,2076,1654,1230,927,672
597916,3020,7,6,1654,1656,1252,973,663
598626,3020,6,8,2062,1653,1229,1001,743
599334,3019,7,6,1649,1655,1277,940,794
600040,3020,6,7,2087,1658,1648,1140,722
600748,3019,7,2842,1884,1361,1648,1308,770
601562,3019,7,3019,1947,1304,1648,1247,982
602283,3021,6,3025,2021,1330,1650,1214,920
603004,3020,7,3025,1816,1268,1648,1343,907
603710,3020,6,3025,2052,1310,1648,1339,926
604417,3019,6,3028,2008,1247,1648,1404,935
605123,3019,7,3026,1653,1284,1647,1290,1102
605862,3020,7,3026,1820,1504,1647,1377,996
606633,3021,7,3026,1709,1604,1648,1355,1122
607423,3020,6,3026,1653,847,1649,1345,1103
608190,3020,4,3026,1652,660,1648,1339,1023
608987,3020,6,3023,2229,1168,1649,1258,982
609719,3020,7,3025,1645,1238,1684,1307,923
610480,7,7,3025,1660,1366,1903,1468,916
611438,7,7,3028,1653,1398,1962,1648,985
612411,7,6,3028,1653,1330,2012,1686,1229
613207,7,6,3025,1653,1316,1648,1506,1228
614003,7,6,3025,1652,1301,1648,1485,1218
614714,7,7,3026,1654,1247,2008,1461,1273
615416,7,7,3026,1652,1280,1647,1318,1150
616119,7,6,3028,1654,1283,2041,1465,1174
616816,7,7,3025,1649,1246,1998,1449,1109
617582,7,7,3026,1653,1245,2030,1526,1065
618290,7,7,3025,1653,1264,1648,1352,1150
619001,7,7,3026,1653,1267,2053,1488,1043
619723,6,7,3026,1652,1252,1648,1478,1123
620429,7,1594,3029,1479,1654,1869,1396,1087
621134,7,2960,3028,1396,1655,1916,1523,1175
621955,7,3018,3028,1358,1656,1954,1595,1134
622682,7,3019,3029,1286,1654,2024,1666,1142
623390,7,3020,3028,1319,1655,1987,1537,1246
624099,7,3020,3028,1253,1654,1648,1360,1169
624807,7,3020,3026,1296,1654,2012,1402,1057
625515,7,3021,3024,1269,1654,1647,1293,1023
626221,7,3020,3029,1272,1654,2036,1378,1035
626931,7,3023,3028,1294,1654,1676,1283,1078
627627,7,3020,3028,1231,1654,1648,1305,980
628321,6,3020,3026,1272,1653,2040,1383,942
629015,7,3023,3028,1284,1654,2004,1412,958
629709,7,3020,3028,1217,1655,1649,1373,976
630401,7,3020,3029,1261,1654,2050,1567,974
631094,7,3021,3028,1268,1654,1786,1540,1123
631788,7,3019,8,1277,1731,1829,1433,1114
632568,7,3021,7,1413,1948,1648,1382,1059
633274,6,3020,7,1305,1958,1649,1284,1085
633978,7,3021,7,1319,1654,1647,1234,982
634692,7,3021,7,1266,2004,1648,1350,943
635387,8,3021,8,1285,1654,1649,1263,1085
636084,7,3023,7,1318,2053,1648,1225,1120
636778,7,3020,6,1236,2012,1648,1207,1003
637543,7,3021,6,1344,1925,1648,1341,1009
638299,7,3021,8,1550,1743,1650,1264,974
639065,7,3021,8,1479,1897,1650,1228,993
639805,7,3021,7,1313,1645,1649,1279,1012
640570,7,3021,7,1504,1783,1654,1310,1091
641351,6,3020,7,1588,1706,1655,1390,1002
642162,1595,3021,8,1654,1802,1445,1199,992
642916,2971,3024,7,1652,1942,1394,1229,932
643879,3019,3023,7,1655,2042,1168,1100,982
644725,3019,3024,7,1653,2047,1255,982,952
645476,3020,3023,7,1653,1654,1252,997,819
646232,3020,3023,7,1655,2003,1234,945,830
646950,3019,3024,7,1653,2063,1297,1061,741
647649,3020,3023,7,1655,2007,1223,969,818
648343,3019,3023,7,1653,1653,1272,926,746
649037,3020,3023,7,1652,2048,1271,979,768
649730,3020,3023,7,1654,2012,1219,934,728
650423,3019,3023,7,1653,1654,1263,978,695
651115,3019,3023,7,1652,2059,1257,998,763
651809,3020,3023,7,1654,2025,1207,941,735
652502,3019,3023,7,1654,1654,1252,901,766
653194,3019,8,7,1653,1683,1384,941,693
654015,3020,7,7,1931,1654,1352,946,672
654760,3021,6,8,2004,1655,1283,921,671
655461,3020,7,6,1981,1655,1310,989,727
656174,3019,7,7,1653,1654,1257,1067,786
656894,3020,7,8,2014,1654,1279,971,842
657604,3018,7,7,1653,1654,1283,931,766
658312,3021,6,8,2046,1655,1247,1037,713
659020,3019,7,6,1686,1655,1296,965,796
659727,3019,6,7,2073,1654,1213,992,733
660433,3020,7,7,2024,1654,1268,1073,786
661140,3020,7,6,1654,1656,1225,978,846
661847,3020,6,8,2050,1654,1242,1010,770
662554,3020,7,1076,1653,1525,1648,1103,743
663263,3021,6,2948,1936,1387,1647,1146,766
664079,3021,6,3023,1653,1302,1647,1168,797
664798,3020,6,3025,2000,1258,1647,1175,818
665507,3019,7,3026,1653,1297,1648,1258,833
666214,3021,7,3026,2018,1279,1647,1293,857
666936,3020,7,3026,1652,1274,1648,1313,877
667633,3019,8,3026,1989,1258,1648,1324,969
668325,3019,7,3026,1652,1279,1648,1329,1018
669024,3021,6,3025,1949,1393,1648,1328,976
669823,3020,7,3028,1749,1566,1648,1330,951
670591,3023,7,3026,1653,1216,1649,1332,1012
671363,3021,4,3026,1654,721,1647,1258,1042
672140,7,6,3025,1705,1179,1648,1297,952
673074,7,7,3026,1653,1253,1996,1361,997
673849,7,6,3026,1654,1273,1978,1385,978
674654,7,6,3025,1653,1236,2118,1598,1051
675477,7,6,3028,1654,1274,2058,1753,1240
676216,7,7,3025,1652,1275,1648,1465,1260
677063,7,7,3025,1653,1268,1648,1396,1147
677788,6,4,3025,1653,1246,1997,1483,1065
678496,7,6,3025,1655,1297,2009,1544,1058
679201,6,7,3026,1653,1227,2023,1708,1223
679909,7,7,3026,1653,1268,1645,1512,1233
680616,8,7,3028,1655,1252,2048,1484,1150
681323,6,1188,3028,1523,1655,1648,1335,1101
682029,7,2943,3030,1362,1653,1954,1505,1018
682857,7,3018,3028,1256,1654,1648,1483,1047
683579,7,3020,3029,1306,1654,2001,1597,1052
684287,8,3021,3029,1272,1654,1648,1456,1103
684991,7,3020,3029,1285,1654,2018,1598,1065
685698,7,3023,3028,1296,1654,1642,1527,1180
686404,6,3020,3029,1258,1654,2050,1638,1136
687107,7,3020,3028,1305,1656,2002,1603,1297
687803,7,3021,3028,1240,1654,1648,1533,1222
688496,7,3020,3030,1260,1653,2050,1499,1158
689193,7,3021,3028,1295,1656,2012,1471,1188
689897,7,3020,3028,1212,1654,1648,1323,1112
690601,6,3021,3028,1263,1653,2046,1543,1090
691305,7,3021,3028,1247,1654,1648,1356,1172
691998,6,3020,8,1361,1666,1675,1350,1057
692782,7,3023,7,1399,1960,1648,1338,1142
693484,7,3020,7,1299,1963,1649,1263,1177
694178,7,3020,7,1311,1654,1648,1221,1091
694883,7,3021,7,1294,2019,1648,1201,984
695603,8,3020,8,1286,1654,1648,1334,923
696324,7,3023,7,1275,2031,1648,1261,1067
697049,8,3020,7,1269,1654,1649,1363,1037
697776,7,3023,7,1238,2026,1648,1274,1135
698483,7,3021,8,1269,1653,1649,1305,1080
699189,7,3018,7,1263,2052,1648,1388,996
699896,7,3020,7,1241,1644,1650,1288,1125
700606,6,3021,7,1284,1654,1648,1235,1010
701363,1290,3021,7,1653,1653,1108,1078,948
702124,2964,3023,6,1660,1653,1032,904,929
702989,3018,3024,7,1652,2096,1266,893,847
703712,3020,3023,7,1654,2002,1207,880,732
704473,3019,3023,6,1654,1654,735,749,743
705258,3020,3023,4,1652,1653,658,584,619
706067,3020,3024,8,1654,1758,1146,782,501
706815,3019,3024,7,1652,2070,1249,827,520
707655,3020,3023,7,1653,2056,1168,832,547
708481,3020,3023,7,1650,2097,1267,858,634
709219,3020,3023,8,1653,1653,1194,859,619
709954,3020,3023,7,1652,2075,1255,863,603
710650,3021,3023,6,1653,2031,1267,1012,597
711343,3019,7,8,1885,1654,1380,992,728
712160,3020,6,7,1952,1654,1334,963,713
712873,3020,7,7,1927,1654,1266,1063,697
713567,3019,6,8,2006,1654,1283,973,730
714260,3019,7,7,1653,1654,1313,947,780
714962,3020,6,7,2065,1654,1230,993,791
715691,3020,7,4,1789,1654,1299,946,814
716409,3021,6,8,2059,1654,1229,916,735
717122,3019,6,6,2017,1653,1282,973,682
717836,3019,6,7,2036,1655,1214,927,758
718542,3019,7,8,2034,1653,1257,899,699
719252,3019,7,7,1653,1656,1235,874,659
719982,3021,7,545,2041,1560,1648,1111,704
720697,3019,7,2932,1653,1387,1648,1150,825
721515,3020,6,3021,1924,1324,1649,1245,898
722236,3023,6,3025,2010,1344,1650,1360,952
722945,3019,7,3025,1980,1262,1648,1271,1092
723651,3020,6,3025,1653,1306,1648,1304,1061
724357,3020,6,3026,2012,1263,1648,1242,986
725064,3020,7,3025,1653,1277,1648,1356,951
725769,3021,6,3026,2043,1286,1648,1271,954
726476,3019,7,3026,1645,1245,1649,1229,920
727177,3020,6,3026,2075,1262,1648,1206,909
727873,3019,7,3025,2021,1219,1648,1338,891
728565,7,7,3026,1835,1360,1647,1400,916
729340,7,7,3025,1653,1346,1916,1379,1094
730042,7,6,3025,1654,1346,1648,1282,1029
730736,7,7,3026,1653,1299,1996,1357,1032
731430,7,7,3025,1652,1283,1879,1377,991
732130,7,6,3025,1656,1312,1945,1527,1050
732871,7,7,3026,1654,1549,1738,1390,1141
733625,7,7,3026,1653,1509,1648,1429,1134
734427,6,6,3026,1652,807,1647,1302,1210
735211,6,4,3026,1653,652,2542,1644,1052
736033,7,7,3028,1655,1449,1829,1625,1266
736768,7,7,3026,1664,1566,1717,1433,1219
737636,7,2521,3028,1667,1654,1702,1472,1185
738608,7,3013,3030,1409,1653,1916,1412,1115
739366,7,3021,3028,1329,1654,1647,1296,1052
740088,7,3020,3029,1297,1654,2006,1369,974
740798,6,3018,3028,1330,1656,1969,1457,1043
741505,7,3021,3028,1262,1654,1648,1323,1181
742212,6,3020,3029,1293,1653,2015,1457,1050
742918,7,3021,3028,1274,1654,1648,1319,1045
743624,7,3020,3029,1258,1654,2048,1466,980
744356,7,3021,3028,1264,1655,1648,1326,1012
745063,7,3019,3029,1250,1653,2058,1477,1037
745771,6,3021,3028,1290,1654,2012,1459,1047
746478,7,3019,3028,1219,1654,2087,1557,1115
747204,7,3020,7,1366,1841,1732,1543,1186
748011,7,3021,7,1363,1960,1648,1362,1145
748728,6,3020,8,1316,1653,1648,1269,1117
749436,7,3023,7,1326,2023,1647,1299,1137
750143,7,3020,7,1269,1985,1649,1385,1017
750850,7,3020,7,1312,1704,1647,1284,996
751557,7,3021,7,1247,2012,1647,1231,1018
752264,7,3021,7,1284,1654,1647,1206,1026
753154,7,3021,7,1236,2024,1647,1196,1021
753873,7,3020,7,1279,1654,1649,1192,947
754582,6,3021,7,1235,2041,1648,1188,909
755291,8,3020,8,1251,1654,1650,1191,888
756035,2332,3024,7,1652,2097,1262,1097,877
756757,2993,3023,7,1654,1997,1250,1046,903
757594,3019,3023,7,1653,1654,1290,969,894
758301,3018,3023,7,1653,2017,1288,934,783
758998,3020,3023,7,1654,1645,1261,1043,787
759692,3019,3023,7,1653,1865,1296,974,765
760386,3019,3023,7,1652,2024,1266,921,726
761078,3020,3023,7,1653,1652,1246,1029,681
761773,3019,3023,6,1653,2053,1284,1097,776
762464,3019,3023,7,1652,2037,1246,1001,852
763157,3020,3023,8,1652,1653,1229,948,782
763850,3020,3023,7,1653,2085,1267,912,728
764551,3019,3024,7,1652,2052,1225,902,680
765297,3019,7,7,1836,1687,1391,946,721
766177,3020,6,7,1993,1653,1288,921,761
766897,3019,4,7,1967,1654,1326,995,706
767673,3020,6,8,2018,1654,1277,1014,703
768457,3020,7,7,2047,1654,1245,936,713
769269,3021,6,8,2039,1654,1253,976,681
770032,3020,7,7,1892,1656,1426,993,686
770837,3020,6,8,2028,1654,1163,912,699
771665,3020,6,7,2085,1656,1206,894,665
772413,3020,7,6,1652,1656,1273,886,713
773158,3021,7,8,2043,1653,1246,943,669
773871,3021,7,2241,1653,1445,1648,1213,664
774579,3021,6,2993,1963,1380,1648,1275,777
775422,3021,7,3025,1978,1295,1648,1233,904
776170,3020,7,3026,1868,1463,1648,1211,971
776929,3019,7,3025,1653,1328,1648,1343,921
777633,3019,7,3026,1975,1280,1648,1406,1070
778328,3019,4,3025,1653,1283,1648,1368,1172
779019,3021,6,3028,2054,1308,1649,1274,1064
779712,3019,7,3025,2018,1234,1648,1300,970
780403,3019,7,3026,1653,1256,1648,1242,1079
781094,3021,6,3026,2076,1288,1649,1216,995
781786,7,7,3026,1731,1376,1876,1349,934
782583,7,7,3028,1654,1327,1951,1443,943
783302,7,6,3026,1652,1329,1647,1310,989
783997,7,7,3026,1653,1308,2008,1587,1024
784689,7,7,3025,1654,1269,1981,1645,1222
785381,7,7,3025,1654,1301,1648,1485,1207
786073,7,6,3028,1652,1290,2032,1467,1200
786765,7,7,3025,1653,1246,1998,1450,1262
787513,7,6,3026,1654,1277,2045,1605,1217
788221,7,7,3026,1653,1245,1661,1391,1189
788930,7,6,3026,1656,1293,2073,1440,1157
789636,7,6,3025,1633,1654,1840,1391,1161
790342,7,2893,3028,1361,1654,1648,1358,1072
791131,7,3017,3028,1318,1653,1648,1269,1151
791847,7,3018,3029,1324,1653,1984,1343,1155
792555,7,3021,3028,1295,1654,1647,1264,1043
793263,7,3020,3029,1289,1653,2019,1503,956
793968,7,3021,3028,1311,1654,1807,1377,1018
794675,7,3020,3028,1256,1655,2054,1573,1062
795404,7,3023,3028,1307,1654,1992,1571,1168
796137,7,3020,3028,1242,1654,1952,1691,1217
796973,7,3023,3026,1328,1654,1648,1434,1360
797778,7,3020,3029,1278,1654,2035,1448,1253
798576,7,3020,3029,1250,1654,2061,1680,1135
799362,7,3020,7,1361,1814,1678,1579,1178
800284,7,3021,7,1319,1956,1648,1454,1155
801090,7,3021,7,1318,1993,1649,1316,1094
801902,7,3021,7,1312,2035,1649,1326,1002
802665,7,3021,7,1302,1654,1647,1394,967
803407,7,3020,7,1227,2014,1649,1291,1114
804117,7,3020,8,1288,1653,1648,1307,1006
804825,7,3021,7,1274,2041,1648,1318,956
805532,8,3021,7,1252,1653,1650,1252,1079
806238,6,3021,7,1293,2076,1652,1291,1041
806946,7,3021,7,1214,2026,1639,1236,965
807641,2632,3023,7,1652,1653,1410,1112,1002
808451,3007,3023,6,1653,1993,1352,1028,894
809158,3018,3023,7,1653,1975,1277,1025,815
809854,3020,3023,7,1653,1652,1291,959,843
810547,3019,3024,6,1652,2032,1319,941,761
811240,3019,3023,7,1656,2000,1239,991,715
811932,3020,3023,8,1654,1653,1272,1004,708
812624,3019,3024,7,1652,2053,1302,1097,708
813317,3019,3023,7,1654,2017,1219,990,819
814010,3020,3021,7,1653,1654,1253,1067,754
814703,3020,3023,7,1652,2070,1283,1046,760
815419,3020,3023,8,1653,1647,1216,968,826
816114,3019,6,7,1783,1747,1380,1112,750
816963,3020,4,7,2208,1653,1134,957,777
817716,3020,6,8,2076,1656,1227,930,797
818426,3019,7,6,1989,1655,1304,920,792
819135,3019,6,7,2054,1654,1233,910,716
819846,3019,6,7,2004,1653,1291,904,746
820576,3019,7,6,1645,1654,1217,896,683
821283,3021,6,7,2097,1654,1199,884,650
821991,3020,6,7,2024,1654,1268,884,636
822698,3019,6,7,1653,1656,1222,958,622
823404,3020,6,8,2047,1653,1244,904,717
824112,3020,7,7,1653,1659,1649,1054,747
824819,3020,7,2849,1912,1404,1649,1125,820
825620,3021,6,3020,1973,1344,1648,1296,813
826337,3019,7,3025,1653,1301,1648,1242,863
827046,3020,8,3026,2024,1330,1648,1285,887
827768,3020,7,3024,1653,1285,1648,1235,888
828549,3020,7,3025,1653,1267,1648,1213,899
829321,3019,7,3025,2000,1240,1649,1203,962
830039,3019,6,3025,2078,1291,1648,1336,913
830825,3020,7,3025,1653,1277,1649,1401,1067
831608,7,7,3025,1831,1363,1649,1367,1166
832543,7,7,3026,1652,1341,1667,1417,1130
833327,7,6,3028,1654,1289,1967,1483,1202
834148,7,6,3026,1654,1305,2013,1532,1129
834942,7,6,3028,1653,1328,2034,1493,1255
835681,6,7,3025,1653,1277,1647,1407,1153
836405,7,6,3028,1654,1329,2037,1506,1213
837101,7,7,3026,1655,1481,1808,1549,1284
837821,7,7,3026,1653,1354,1648,1362,1335
838515,7,6,3028,1656,1308,2036,1412,1139
839225,7,7,3026,1652,1655,1870,1506,1141
839917,7,2838,3028,1376,1654,1648,1344,1108
840732,7,3014,3028,1326,1654,1995,1383,1020
841440,7,3019,3028,1341,1654,1970,1393,995
842133,7,3021,3028,1288,1654,1648,1428,1063
842828,7,3019,3029,1286,1653,2024,1652,1177
843522,7,3020,3026,1318,1655,1992,1609,1186
844214,7,3021,3028,1260,1654,1648,1395,1242
844906,7,3020,3029,1268,1653,2045,1570,1179
845599,7,3020,3028,1301,1655,2010,1719,1291
846294,7,3021,3028,1234,1653,1649,1588,1271
847024,7,3020,3029,1252,1653,2062,1606,1343
847738,7,3021,3028,1229,1654,1649,1394,1250
848447,6,3019,7,1315,1654,1818,1499,1114
849241,7,3021,7,1374,1654,1649,1340,1230
849955,7,3021,7,1335,1984,1648,1333,1081
850664,7,3020,8,1299,1652,1649,1332,1002
851374,7,3021,7,1326,2031,1649,1399,970
852082,6,3021,8,1262,1989,1649,1294,1118
852791,7,3020,7,1306,1758,1649,1239,1007
853502,7,3020,8,1233,2014,1648,1211,959
854226,7,3021,7,1279,1653,1650,1197,914
854936,7,3021,7,1221,2028,1648,1190,888
855642,7,3023,7,1262,1652,1653,1266,871
856349,2295,3023,7,1653,1884,1404,1125,948
857066,2989,3023,7,1653,1653,1277,1072,876
857913,3018,3023,7,1653,1655,1227,1050,893
858636,3019,3023,7,1656,2020,1222,1037,815
859346,3019,3023,7,1654,1653,1289,963,772
860069,3019,3023,7,1653,2012,1245,912,721
860860,3019,3024,7,1653,2020,1252,1031,747
861685,3020,3023,7,1655,2014,1214,954,742
862479,3019,3023,7,1653,2028,1221,918,776
863291,3019,3023,7,1654,2023,1207,965,778
864051,3020,3024,7,1652,2062,1267,919,730
864840,3019,7,8,1868,1653,1400,1024,691
865820,3021,6,7,1962,1654,1330,976,708
866605,3020,6,8,2006,1654,1290,1004,695
867333,3019,7,7,1653,1654,1263,1008,777
868037,3020,6,8,2018,1654,1273,1014,742
868733,3019,7,6,1653,1654,1307,960,728
869427,3020,6,7,2074,1655,1221,997,774
870132,3021,7,8,2031,1653,1262,936,738
870861,3020,7,8,1969,1654,1301,920,702
871563,3019,7,7,1653,1656,1296,910,743
872328,3021,6,1485,1937,1457,1649,1197,761
873049,3019,6,2973,1653,1384,1649,1266,886
874052,3020,7,3024,1652,1307,1647,1223,1024
874919,3020,7,3025,1652,1296,1648,1202,1026
875762,3019,7,3025,1653,1280,1649,1339,1019
876603,3020,7,3025,1652,1263,1647,1332,1117
877528,3019,7,3026,1652,1106,1648,1255,1020
878430,3019,7,3025,1653,1167,1649,1223,1083
879295,3020,7,3024,1969,1317,1648,1202,984
880156,7,7,3026,1653,1384,1959,1305,925
881176,7,7,3026,1653,1335,1903,1493,1057
882054,7,6,3026,1653,1327,2024,1470,1201
882926,7,6,3026,1652,1286,2019,1597,1262
883790,7,6,3026,1653,1257,2017,1732,1205
884653,7,7,3028,1653,1235,2014,1796,1234
885515,7,6,3024,1655,1212,2014,1620,1277
886376,7,6,3025,1656,1214,2014,1532,1218
887274,7,2561,3028,1446,1655,1648,1426,1153
888287,6,3015,3028,1361,1654,1649,1448,1221
889162,6,3021,3028,1306,1654,1648,1390,1122
890023,7,3023,3028,1282,1654,1647,1286,1118
890886,7,3021,3028,1256,1653,1649,1378,1001
891749,7,3023,3028,1231,1654,2067,1652,987
892635,7,3020,3029,1244,1653,2051,1698,1095
893585,7,3023,3029,1266,1654,1648,1434,1305
894539,7,3020,3029,1238,1653,2054,1600,1152
895510,7,3020,7,1321,1787,1733,1564,1156
896677,7,3020,7,1338,1973,1648,1372,1275
897704,7,3021,7,1307,2012,1649,1351,1113
898678,6,3020,7,1068,1653,1649,1338,1098
900067,6,3023,7,1224,2073,1650,1258,1013
901070,7,3021,7,1227,1653,1652,1366,936
901969,7,3021,7,1272,2100,1654,1279,1087
902862,2146,3023,7,1652,1892,1391,1124,981
903715,3000,3024,7,1652,1970,1343,1100,890
904708,3019,3023,7,1653,1653,1297,996,912
905574,3020,3023,7,1653,1653,1304,951,803
906417,3021,3023,8,1653,1654,1289,991,738
907232,3020,3024,8,1653,1647,1250,1070,792
908076,3020,3023,7,1654,1832,1233,956,780
908919,3020,3023,8,1655,2020,1214,919,797
909758,3020,3023,7,1653,2035,1190,888,720
910599,3020,3021,4,1653,1918,1299,1036,672
911439,3020,7,7,1654,1654,1326,1117,775
912408,3020,7,7,1964,1655,1334,1023,858
913259,3020,6,7,1980,1654,1318,968,796
914101,3021,6,7,1998,1654,1304,938,733
914942,3021,6,8,2015,1653,1286,914,700
915781,3020,6,8,2030,1653,1269,973,666
916620,3020,6,8,2047,1654,1252,1061,747
917543,3020,7,6,1654,1658,1242,954,754
918429,3020,7,2183,1810,1521,1648,1072,708
919333,3021,7,3012,1851,1398,1648,1130,736
920352,3021,6,3025,1963,1300,1649,1163,783
921267,3019,6,3025,1653,1161,1648,1174,815
922139,3021,7,3026,1653,1263,1647,1179,904
923007,3020,7,3025,1654,1284,1649,1181,875
923874,3020,7,3025,2087,1293,1649,1260,863
924776,3020,7,3026,1904,1330,1793,1421,871
925719,6,7,3025,1653,1365,1648,1445,1080
926894,7,7,3025,1652,1295,1647,1311,1052
927860,8,4,3026,1654,1258,1993,1581,979
928806,7,7,3025,1653,1299,1648,1523,1063
929760,6,7,3025,1653,1239,1992,1471,1214
930639,7,7,3025,1652,1247,1648,1326,1125
931584,7,7,3025,1652,1189,1648,1327,1020
932561,8,2603,3029,1401,1653,1919,1416,1114
933651,7,3015,3029,1352,1653,1963,1406,1054
934607,7,3021,3028,1302,1653,1648,1365,1021
935454,6,3020,3026,1332,1656,1973,1383,989
936296,6,3020,3029,1258,1653,2036,1422,1057
937187,7,3020,3028,1258,1653,2006,1428,1107
938054,7,3020,3028,1294,1655,1913,1489,1054
938931,7,3020,3029,1387,1654,1853,1422,1059
939836,7,3020,3029,1301,1653,2014,1435,1102
940698,7,3021,8,1402,1653,1647,1448,1056
941718,7,3021,7,1324,1653,1649,1456,1040
942601,8,3021,7,1317,1650,1647,1316,1175
943463,7,3021,8,1312,2067,1647,1389,1117
944326,7,3023,8,1310,2063,1648,1357,1185
945189,7,3021,7,1299,2059,1649,1411,1061
946051,7,3021,7,1269,2058,1648,1294,1167
946886,4,3023,7,1244,2057,1648,1379,1103
947741,2641,3021,7,1653,1808,1389,1312,1036
948709,3014,3023,7,1653,1654,1305,1105,1113
949562,3020,3023,7,1653,1654,1284,1065,949
950404,3019,3023,7,1654,1645,1264,965,849
951247,3019,3023,7,1655,1992,1246,912,768
952089,3019,3023,7,1658,2007,1225,897,698
952933,3020,3023,7,1654,2020,1208,893,667
953773,3019,3023,7,1653,2037,1197,952,713
954614,3020,3024,7,1653,2057,1201,982,760
955452,3019,7,7,1653,1742,1358,964,798
956402,3021,7,8,1957,1653,1335,947,742
957273,3021,7,8,1993,1654,1305,1070,774
958217,3020,7,6,1653,1654,1260,969,771
959186,3021,6,8,2037,1655,1374,1111,722
960204,3020,7,7,1652,1658,1295,1004,761
961156,3021,7,8,2003,1656,1293,948,732
962128,3020,6,8,2065,1654,1647,1074,695
963078,3020,7,2970,1653,1373,1649,1210,804
964193,3019,6,3026,2001,1311,1648,1339,913
965215,3020,7,3025,1653,1239,1647,1258,929
966209,3021,7,3026,2006,1234,1648,1224,897
967169,3021,7,3025,2001,1241,1647,1203,964
968068,3020,7,3026,1653,1266,1648,1192,990
968915,7,6,3025,1755,1384,1647,1267,998
969919,7,6,3026,1653,1315,1770,1251,938
970780,7,6,3026,1652,1293,1956,1322,976
971683,7,7,3026,1653,1374,1648,1253,949
972650,7,7,3026,1652,1302,1649,1295,984
973502,7,7,3028,1653,1228,2002,1362,1013
974341,7,6,3026,1656,1227,2021,1617,1059
975129,7,6,3025,1659,1212,2025,1603,1117
975825,8,2184,3028,1440,1653,1648,1532,1207
976516,7,2981,3029,1372,1654,1946,1528,1289
977353,7,3018,3029,1343,1653,1969,1605,1185
978077,7,3021,3028,1305,1655,1648,1529,1170
978784,7,3020,3029,1302,1653,2007,1477,1131
979498,6,3021,3028,1305,1654,1647,1468,1166
980226,6,3020,3029,1178,1654,2101,1488,1241
980934,7,3021,3028,1230,1655,1647,1477,1291
981641,7,3020,3029,1252,1653,2054,1614,1307
982348,7,3023,3028,1275,1655,1656,1399,1372
983055,6,3020,3030,1225,1654,2085,1449,1175
983762,7,3019,7,1393,1893,1682,1329,1175
984568,7,3020,7,1380,1982,1648,1253,1119
985288,7,3021,7,1301,1957,1648,1219,1063
985997,7,3020,8,1330,1728,1648,1202,969
986705,7,3021,7,1262,1997,1648,1196,925
987401,7,3021,7,1293,1653,1649,1335,892
988095,7,3021,7,1290,2046,1649,1401,915
988786,7,3020,7,1231,2014,1648,1289,1092
989490,8,3020,7,1267,1654,1653,1239,989
990234,7,3021,7,1217,1925,1506,1224,996
990992,2849,3023,7,1652,1923,1394,1236,1014
991946,3017,3023,7,1654,1987,1349,1086,957
992754,3019,3023,7,1652,2004,1313,997,864
993530,3020,3024,7,1653,2039,1317,1028,780
994287,3020,3024,8,1652,1692,1242,1034,825
995083,3019,3024,6,1650,2079,1278,958,780
995833,3020,3023,8,1653,1653,1257,989,731
996563,3020,3023,7,1653,2059,1240,946,716
997285,3020,3023,7,1654,1692,1219,989,689
998012,3019,7,7,1652,1757,1385,984,697
998852,3020,7,7,1652,1654,1318,1025,693
999589,3019,7,6,1962,1654,1329,1117,778
1000372,3020,4,7,2238,1656,1114,954,860
1001100,3020,7,6,1653,1654,1266,913,760
1001810,3020,6,8,2061,1656,1234,907,769
1002518,3019,7,6,2004,1656,1288,971,699
1003228,3020,6,7,2086,1659,1211,921,766
1003936,3020,7,8,2032,1654,1256,1036,700
1004645,3020,7,1659,1653,1493,1647,1118,789
1005354,3021,6,2970,1914,1379,1648,1156,866
1006169,3021,7,3024,1954,1315,1648,1174,853
1006888,3019,8,3025,1653,1324,1648,1324,849
1007584,3021,7,3026,2002,1295,1648,1252,1029
1008278,3018,7,3025,1648,1268,1648,1289,945
1008970,3019,7,3026,1907,1300,1649,1312,919
1009663,3020,6,3026,2032,1266,1648,1245,923
1010355,3019,7,3025,1648,1241,1648,1218,890
1011061,7,7,3025,1825,1374,1648,1205,958
1011840,8,7,3024,1653,1385,1648,1336,916
1012545,7,7,3026,1653,1328,1967,1367,1067
1013239,7,7,3025,1652,1304,1648,1271,1010
1013931,7,6,3026,1656,1328,1648,1371,1087
1014623,7,7,3026,1653,1282,2007,1476,1162
1015314,7,7,3025,1652,1271,1683,1472,1246
1016005,7,6,3025,1656,1300,1647,1323,1146
1016697,7,7,3026,1656,1257,2035,1532,1172
1017432,7,7,3025,1650,1262,1648,1499,1134
1018142,7,2650,3029,1428,1654,1896,1565,1101
1018929,7,3008,3029,1352,1653,1962,1478,1114
1019643,7,3021,3026,1354,1655,1919,1372,1080
1020356,7,3020,3028,1454,1654,1886,1354,1019
1021089,7,3021,3028,1324,1654,1913,1572,1059
1021817,8,3020,3030,1349,1654,1974,1627,1097
1022573,7,3021,3028,1262,1654,1648,1405,1277
1023349,7,3023,3028,1274,1655,1648,1294,1131
1024163,8,3021,3025,1231,1655,1648,1240,1010
1024955,7,3023,3028,1245,1653,1975,1398,1006
1025754,7,3021,8,1391,1905,1647,1290,995
1026652,7,3021,7,1350,1654,1648,1379,942
1027509,7,3021,7,1338,1655,1648,1420,1096
1028263,7,3020,7,1278,1645,1649,1299,1048
1028993,7,3021,7,1288,2030,1649,1238,1048
1029689,7,3020,7,1252,1996,1649,1356,1091
1030384,7,3020,7,1285,1654,1652,1271,1158
1031102,7,3021,7,1269,2048,1649,1230,1091
1031797,8,3020,6,1234,1647,1550,1239,1061
1032490,2744,3023,7,1653,1833,1401,1250,1097
1033297,3010,3023,7,1653,1992,1355,1090,1115
1034005,3018,3021,7,1655,1970,1278,1125,941
1034700,3020,3024,8,1653,1654,1296,1009,874
1035394,3019,3024,6,1652,2030,1318,964,798
1036088,3020,3023,7,1656,1998,1229,1000,742
1036782,3020,3023,7,1652,1654,1268,938,720
1037540,3019,3023,7,1654,2014,1216,912,687
1038249,3018,3023,7,1653,1719,1267,894,663
1038957,3020,3023,7,1654,1913,1311,1047,648
1039664,3020,7,8,1904,1654,1376,1146,769
1040461,3020,7,7,1881,1655,1471,1163,868
1041209,3019,7,6,1653,1655,1347,1119,927
1041922,3020,6,8,1979,1654,1308,1153,860
1042632,3019,7,7,1653,1655,1293,1024,915
1043340,3020,6,8,2036,1654,1253,945,819
1044052,3019,6,9,2013,1654,1266,908,736
1044766,3019,7,4,1647,1656,1293,902,681
1045476,3020,6,7,2078,1661,1208,962,652
1046202,3019,7,2789,1655,1396,1648,1076,733
1047014,3019,7,3018,1653,1340,1648,1136,825
1047722,3021,6,3025,1993,1347,1648,1164,820
1048417,3019,6,3025,1974,1263,1648,1178,832
1049109,3019,7,3026,1653,1300,1648,1185,914
1049812,3021,6,3026,2034,1307,1648,1327,884
1050506,3019,6,3026,1822,1246,1649,1330,908
1051198,3020,7,3026,1653,1279,1649,1401,923
1051892,3021,6,3026,1952,1326,1764,1340,1095
1052585,7,7,3025,1653,1378,1888,1336,1013
1053549,7,7,3025,1654,1318,1940,1575,973
1054343,6,7,3025,1654,1289,1964,1482,1057
1055125,7,6,3026,1654,1273,1993,1452,1054
1055903,7,6,3028,1652,1286,2019,1595,1118
1056690,7,6,3028,1655,1296,2041,1523,1205
1057518,7,6,3028,1656,1271,2037,1487,1142
1058319,7,6,3028,1656,1278,2062,1487,1097
1059130,7,2832,3028,1401,1654,1919,1638,1076
1060012,7,3017,3026,1380,1653,1937,1717,1272
1060843,7,3020,3028,1429,1654,1820,1663,1262
1061626,7,3020,3028,1394,1655,1648,1559,1372
1062340,7,3020,3029,1327,1653,1987,1626,1240
1063050,7,3021,3026,1299,1654,1648,1402,1207
1063759,7,3020,3029,1263,1653,2048,1650,1169
1064466,7,3021,3028,1301,1654,2007,1538,1322
1065174,7,3017,3028,1219,1655,1978,1644,1207
1065883,7,3020,7,1358,1654,1759,1457,1199
1066698,7,3020,7,1398,1965,1648,1461,1188
1067410,7,3020,7,1305,1956,1648,1461,1251
1068107,7,3019,7,1326,1653,1648,1317,1278
1068800,7,3021,7,1301,2015,1649,1327,1236
1069493,7,3020,8,1263,1987,1649,1258,1079
1070190,7,3021,7,1295,1653,1650,1219,974
1070884,7,3021,7,1262,2040,1648,1200,1002
1071583,7,3021,7,1009,2351,1652,1334,938
1072298,449,3021,6,1654,1859,1409,1156,1078
1072991,2913,3023,7,1652,1654,1368,1197,948
1073783,3013,3023,7,1653,1652,1324,1057,976
1074488,3019,3024,7,1652,2004,1328,1061,868
1075183,3020,3023,7,1654,1975,1257,962,808
1075875,3019,3023,7,1653,1654,1291,930,738
1076569,3020,3024,7,1653,2036,1289,910,698
1077277,3020,3023,7,1653,1650,1250,963,663
1077988,3019,3021,6,1649,2069,1289,1067,671
1078696,3019,3023,7,1654,2028,1203,1040,721
1079405,3018,7,7,1765,1778,1373,1002,731
1080197,3020,7,8,1924,1654,1363,1117,717
1080918,3020,7,7,1653,1654,1293,1075,763
1081653,3020,7,7,1653,1655,1379,1162,838
1082367,3021,6,8,1980,1654,1302,1026,840
1083076,3019,7,6,1653,1656,1308,1109,855
1083785,3020,6,8,2050,1658,1240,979,827
1084494,3019,6,6,2008,1656,1280,1074,754
1085209,3020,6,7,2084,1660,1201,970,831
1085971,3020,8,1735,1654,1476,1648,1223,755
1086743,3019,7,2986,1897,1355,1648,1346,894
1087615,3020,7,3024,1653,1340,1647,1263,921
1088398,3019,7,3025,1653,1302,1648,1227,897
1089169,3019,7,3025,1982,1256,1649,1207,965
1089943,3021,7,3028,2013,1258,1649,1197,918
1090703,3020,6,3023,1959,1272,1649,1194,890
1091504,3020,7,3026,2059,1278,1720,1222,875
1092248,7,6,3025,1652,1412,1648,1203,884
1093249,7,6,3028,1654,1373,1986,1317,876
1093974,7,7,3025,1653,1304,1881,1498,898
1094669,7,8,3025,1656,1328,1649,1340,1126
1095363,7,6,3026,1654,1282,2006,1389,1031
1096055,7,7,3026,1652,1269,1650,1285,1080
1096747,7,6,3025,1656,1299,1647,1328,982
1097480,7,7,3026,1658,1216,2029,1608,1098
1098193,7,1393,3028,1493,1653,1647,1389,1269
1098900,7,2951,3029,1400,1653,1915,1445,1118
1099699,7,3017,3029,1355,1653,1956,1416,1068
1100420,7,3021,3026,1302,1655,1648,1438,1178
1101131,7,3020,3029,1312,1653,1997,1429,1096
1101872,6,3020,3026,1069,1655,1647,1445,1052
1102591,7,3020,3029,1227,1653,2069,1678,1039
1103297,7,3023,3028,1272,1654,1644,1424,1131
1104005,7,3020,3030,1239,1654,2070,1528,1211
1104713,7,3020,3028,1283,1655,2025,1559,1148
1105419,7,3020,8,1322,1775,1758,1557,1277
1106228,8,3020,7,1350,1915,1648,1443,1334
1106947,7,3020,7,1361,2001,1648,1451,1175
1107644,7,3018,7,1285,1971,1649,1316,1102
1108339,7,3021,7,1316,1654,1649,1252,1004
1109034,7,3021,7,1282,2023,1648,1357,1004
1109729,7,3021,7,1258,1847,1650,1272,981
1110421,7,3021,7,1286,1654,1654,1305,932
1111114,7,3021,7,1242,2048,1648,1241,923
1111805,2030,3023,7,1653,1778,1410,1189,965
1112498,2975,3023,7,1653,1654,1376,1213,982
1113333,3018,3024,7,1653,2020,1256,1032,932
1114134,3020,3023,8,1653,1653,1228,964,833
1114845,3019,3023,7,1653,2050,1306,934,755
1115541,3020,3023,7,1656,2003,1225,985,708
1116236,3020,3023,6,1654,1654,1271,929,771
1116974,3019,3024,7,1653,2053,1273,1048,715
1117740,3019,3024,7,1650,2078,1283,969,733
1118517,3019,7,8,1774,1765,1382,1046,704
1119478,3021,7,8,1932,1654,1357,1135,796
1120308,3020,7,7,1957,1656,1336,1102,877
1121110,3019,7,6,1645,1655,1327,1013,905
1121924,3020,6,7,1653,1653,868,871,807
1122721,3020,7,4,1654,1656,1129,842,770
1123459,3019,6,7,2054,1654,1244,947,743
1124242,3020,6,7,2062,1654,1233,992,706
1125065,3023,6,2295,1868,1434,1648,1168,702
1125842,3021,6,3004,1954,1382,1649,1181,776
1126809,3019,6,3025,2008,1350,1649,1185,890
1127651,3021,7,3026,1990,1278,1648,1188,880
1128366,3020,7,3025,1654,1297,1648,1258,869
1129076,3021,7,3026,2023,1268,1648,1218,869
1129810,3019,7,3025,1653,1277,1648,1203,876
1130518,7,7,3026,1826,1363,1819,1264,880
1131323,7,7,3026,1653,1358,1926,1317,877
1132042,7,7,3025,1653,1350,1648,1395,1042
1132749,7,7,3026,1654,1313,1986,1547,1150
1133458,7,7,3025,1653,1297,1648,1360,1129
1134165,7,6,3028,1654,1321,2030,1483,1114
1134872,7,6,3025,1656,1255,1990,1597,1086
1135579,7,7,3025,1655,1295,1648,1476,1122
1136286,6,7,3026,1658,1227,2028,1601,1081
1137004,8,2579,3028,1424,1654,1648,1465,1258
1137775,7,3006,3028,1335,1655,1648,1322,1217
1138476,7,3019,3030,1341,1654,1971,1360,1063
1139170,7,3021,3028,1335,1654,1930,1323,1008
1139863,7,3019,3028,1269,1655,1648,1324,1108
1140573,7,3020,3028,1312,1655,1998,1374,1155
1141266,7,3021,3028,1277,1654,1647,1279,1200
1141962,7,3020,3029,1252,1654,2063,1454,1115
1142688,6,3021,3029,1402,1654,1935,1410,1214
1143391,7,3021,3028,1278,1654,1647,1295,1246
1144085,7,3020,7,1379,1649,1683,1252,1142
1144881,7,3021,7,1354,1836,1650,1217,1142
1145585,7,3020,7,1357,2015,1648,1277,1006
1146280,7,3021,7,1285,1991,1649,1371,1015
1146964,7,3020,8,1289,1653,1649,1347,989
1147665,7,3020,7,1318,2042,1653,1338,1107
1148376,7,3020,8,1230,2012,1648,1258,1162
1149089,6,3021,7,1283,1654,1654,1363,1086
1149860,910,3023,8,1653,1653,1445,1258,1021
1150610,2954,3023,7,1656,1908,1336,1091,942
1151446,3018,3023,8,1653,1663,1304,1136,864
1152232,3020,3023,7,1654,1965,1271,1080,910
1153007,3019,3023,7,1653,2000,1267,1119,909
1153779,3020,3024,7,1652,2030,1286,1000,924
1154522,3020,3023,8,1653,1654,1222,948,818
1155338,3020,3023,7,1653,2084,1245,901,810
1156094,3019,3024,7,1653,1654,1258,960,714
1156823,3020,6,7,1653,1688,1371,962,695
1157845,3021,7,8,1985,1655,1302,1004,759
1158576,3020,7,7,1653,1655,1310,959,808
1159274,3020,6,8,2025,1655,1261,1059,741
1159969,3020,6,7,1995,1654,1294,1119,818
1160663,3019,7,7,1653,1658,1260,990,811
1161356,3020,6,8,2053,1654,1231,1012,825
1162050,3020,7,6,2020,1652,1263,941,771
1162752,3019,7,1876,1744,1581,1649,1145,713
1163475,3021,7,2982,1859,1423,1648,1164,841
1164275,3021,7,3024,1931,1357,1649,1321,840
1164980,3019,7,3025,1653,1330,1648,1327,1023
1165674,3023,6,3026,2013,1344,1650,1253,978
1166366,3019,6,3026,1996,1268,1648,1217,996
1167084,3020,7,3025,1652,1266,1648,1343,937
1167795,3020,6,3026,2024,1242,1647,1262,942
1168526,7,7,3025,1750,1402,1648,1365,981
1169323,7,7,3025,1653,1384,1647,1275,1107
1170044,7,6,3025,1653,1302,1954,1410,993
1170752,7,7,3025,1652,1327,1648,1300,998
1171460,7,4,3026,1654,1291,2000,1437,953
1172172,7,4,3026,1659,1439,1926,1473,987
1172902,7,7,3025,1652,1302,1648,1398,1015
1173608,7,6,3026,1656,1311,2053,1507,1144
1174315,7,1009,3028,1554,1655,1821,1556,1107
1175023,7,2936,3028,1366,1654,1648,1366,1113
1175823,7,3017,3028,1313,1654,1648,1277,1031
1176539,8,3019,3028,1343,1654,1967,1341,1028
1177242,7,3020,3028,1280,1654,1648,1406,981
1177937,7,3020,3029,1305,1653,2009,1418,1128
1178630,7,3021,3028,1310,1655,1985,1489,1061
1179324,7,3019,3026,1229,1655,1648,1333,1203
1180016,7,3020,3029,1268,1654,2043,1472,1061
1180711,7,3021,3026,1272,1655,2020,1517,1195
1181449,7,3020,6,1379,1654,1691,1434,1140
1182334,7,3021,7,1363,1958,1649,1383,1216
1183154,7,3021,7,1008,1654,1649,1285,1162
1183958,7,3020,7,1249,1654,1649,1236,1026
1184739,7,3020,7,1280,1654,1652,1214,1032
1185480,7,3021,8,1235,2020,1649,1278,957
1186292,7,3021,7,1293,1653,1654,1374,923
1187132,1284,3023,8,1654,1653,1449,1262,948
1187977,2982,3024,7,1653,1654,1379,1188,1053
1188880,3020,3023,7,1653,1654,1313,1188,954
1189619,3019,3024,7,1653,1990,1291,1180,908
1190330,3020,3023,8,1653,1653,1289,1108,880
1191039,3020,3024,7,1652,2029,1286,1139,837
1191747,3020,3021,8,1654,1654,1247,1073,830
1192634,3020,3024,8,1652,2059,1264,969,868
1193352,3020,3023,8,1652,1998,1293,931,769
1194063,3019,7,7,1653,1656,1406,1037,714
1194873,3020,7,8,1652,1654,1339,987,727
1195588,3020,7,8,1991,1653,1299,1086,781
1196296,3019,7,6,1653,1655,1321,1076,849
1197019,3020,6,8,2042,1658,1247,968,809
1197716,3019,7,7,1993,1656,1295,1003,746
1198409,3019,7,7,1653,1660,1229,1017,800
1199103,3020,6,8,2050,1654,1233,959,829
1199795,3021,7,2175,1661,1440,1648,1148,749
1200487,3019,7,2987,1654,1394,1649,1313,864
1201268,3019,7,3024,1653,1339,1647,1388,1031
1201969,3021,7,3026,1997,1324,1648,1428,1004
1202661,3019,7,3025,1978,1261,1648,1301,1147
1203359,3019,7,3025,1885,1448,1648,1319,1166
1204070,3020,7,3026,1979,1340,1649,1327,1109
1204764,3020,7,3025,1995,1241,1641,1322,1019
1205458,7,7,3026,1693,1417,1648,1251,1114
1206247,7,7,3024,1653,1367,1648,1221,1062
1206944,7,7,3026,1654,1347,1985,1319,1042
1207641,7,6,3026,1653,1278,1984,1372,1124
1208334,6,7,3026,1653,1295,1648,1278,1040
1209026,7,6,3028,1655,1321,2046,1372,959
1209719,7,7,3025,1658,1244,2014,1551,960
1210411,7,7,3026,1653,1257,1647,1505,1042
1211104,6,1575,3029,1489,1654,1864,1411,1199
1211797,7,2954,3030,1411,1654,1908,1378,1094
1212617,7,3018,3028,1369,1654,1943,1520,1028
1213378,7,3020,3029,1322,1653,1991,1544,1059
1214113,7,3021,3028,1280,1654,1648,1503,1153
1214822,7,3020,3029,1290,1654,2020,1470,1112
1215604,6,3020,3029,1264,1653,2048,1615,1152
1216379,7,3021,3028,1227,1656,1648,1467,1161
1217209,7,3023,3029,1230,1654,2068,1615,1240
1217993,7,3020,7,1371,1854,1649,1534,1201
1218973,7,3020,7,1293,1958,1648,1356,1147
1219897,7,3021,7,1305,1992,1648,1345,1043
1220623,7,3020,8,1302,1654,1649,1335,1061
1221339,7,3021,7,1293,2040,1649,1257,1139
1222056,7,3021,7,1255,1673,1648,1223,1000
1222797,6,3023,7,1101,2158,1649,1207,1012
1223511,1074,3023,7,1653,1654,1249,1172,942
1224240,2949,3023,7,1653,1654,1297,1105,894
1225062,3017,3023,7,1653,1654,1321,1080,914
1225786,3019,3023,7,1655,1979,1262,975,915
1226498,3019,3023,7,1653,1653,1305,1081,793
1227173,3019,3023,7,1652,2032,1322,1002,786
1227877,3020,3023,7,1652,2010,1242,1000,748
1228572,3020,3023,8,1653,1654,1252,1068,798
1229267,3019,3023,7,1652,2078,1279,1047,849
1229960,3019,7,7,1768,1857,1328,1128,869
1230734,3020,7,7,1654,1655,1361,1040,908
1231437,3020,7,8,1973,1655,1312,974,821
1232151,3020,7,7,1653,1655,1332,951,750
1232851,3021,6,6,2040,1656,1355,951,781
