Time (us),Signal 0,Signal 1,Signal 2,Signal 3,Signal 4,Signal 5,Signal 6,Signal 7
1631,7,3019,7,1401,1653,1648,1297,0
3049,7,3019,8,1242,1655,1648,1238,1026
4444,7,3020,7,1175,2035,1647,1208,1036
5756,6,3021,7,1189,2050,1648,1269,953
7616,7,3020,7,1214,2063,1648,1229,1058
8882,7,3019,7,1211,1652,1648,1208,973
10081,7,3019,8,1230,1654,1648,1341,995
11234,6,3019,7,1195,1654,1648,1400,968
12454,6,3019,7,1179,1647,1647,1286,979
14482,7,3019,7,1229,2073,1647,1236,934
15956,7,3020,7,1192,1653,1648,1211,914
17235,6,3020,7,1201,1652,1648,1274,902
18318,7,3019,7,1180,2040,1649,1230,894
19322,7,3019,8,1244,1654,1648,1207,902
20326,7,3020,7,1241,2078,1648,1195,894
21330,7,3019,7,1205,1652,1648,1188,877
22341,7,3019,6,1264,2113,1648,1189,942
23346,6,3020,7,1196,2047,1649,1264,897
24336,7,3019,7,1234,1653,1647,1225,957
25345,7,3019,7,1273,2092,1648,1277,921
26346,7,3020,7,1178,2039,1649,1231,1045
27905,7,3019,8,1241,1654,1648,1208,974
28998,7,3018,7,1205,1653,1647,1335,921
30007,7,3019,7,1269,2111,1648,1398,930
31010,6,3020,7,1199,2048,1648,1360,959
32024,7,3019,7,1235,1653,1648,1272,956
33027,7,3021,7,1245,2078,1648,1300,993
34080,7,3019,7,1218,1653,1648,1380,945
35375,7,3019,7,1272,2090,1648,1421,962
36562,7,3019,7,1256,2026,1647,1302,1123
37639,7,3019,7,1221,1652,1648,1317,1014
38703,7,3020,7,1216,2057,1648,1322,969
39751,8,3019,7,1250,1653,1647,1391,943
40804,6,3020,7,1192,2045,1649,1357,964
41935,6,3019,7,1184,2034,1648,1263,1098
43090,6,3020,7,1199,1644,1648,1366,1061
44324,8,3019,6,1268,2091,1649,1416,1012
45526,6,3017,7,1212,1653,1647,1299,1012
46690,7,3019,7,1247,1653,1648,1384,1029
47728,6,3020,7,1202,2051,1647,1284,1002
49921,7,3019,7,1212,1653,1648,1376,1020
50951,7,3019,7,1264,2089,1647,1278,1134
51957,7,3019,7,1191,2030,1648,1228,1003
52958,7,3018,8,1250,1654,1648,1207,953
53958,7,3020,7,1231,2067,1648,1195,918
54960,7,3018,8,1268,1653,1648,1194,896
55996,6,3020,7,1210,2052,1648,1188,882
56995,7,3019,7,1229,1653,1649,1263,877
57994,7,3019,7,1278,2097,1648,1295,879
58991,7,3020,7,1190,2045,1647,1379,888
59989,7,3018,8,1231,1653,1648,1282,1072
60985,7,3019,6,1272,2095,1648,1304,981
61983,7,3019,7,1180,2040,1649,1245,942
62977,7,3019,8,1239,1654,1647,1284,971
63974,7,3019,7,1255,2084,1649,1236,1074
65481,7,3019,7,1252,2081,1648,1214,989
66552,7,3019,7,1230,1653,1647,1197,1004
67559,7,3020,7,1213,2058,1648,1194,931
68972,7,3018,7,1222,1654,1648,1329,893
70046,7,3019,7,1249,2083,1648,1257,1053
71058,7,3019,7,1206,1654,1647,1218,958
72062,7,3019,7,1263,2117,1648,1279,919
73068,6,3020,7,1202,2051,1647,1230,904
74071,7,3019,8,1230,1654,1649,1351,897
75122,7,3020,7,1200,2051,1647,1407,925
76122,7,3019,8,1229,1654,1647,1295,1100
77125,7,3019,7,1271,2094,1648,1238,1068
78126,6,3019,7,1180,2036,1649,1355,1031
79127,8,3019,8,1247,1653,1648,1264,1129
80127,4,3021,7,1241,2075,1648,1223,997
81125,7,3020,7,1199,1656,1647,1344,1014
82132,8,3019,7,1262,2122,1648,1263,1117
83140,6,3020,7,1211,2057,1648,1295,1067
84139,7,3019,8,1225,1653,1648,1236,981
85180,6,3019,7,1223,2063,1648,1212,936
86178,7,3018,8,1212,1653,1648,1197,912
87177,7,3019,7,1264,2119,1648,1190,887
88176,6,3020,7,1213,2058,1648,1190,871
89529,7,3019,7,1218,1654,1648,1332,873
90573,8,3019,6,1269,2112,1649,1401,1042
91581,7,3020,7,1186,2043,1649,1435,1155
92584,7,3019,7,1239,1654,1649,1305,1222
93588,7,3019,7,1247,2079,1647,1245,1061
94622,7,3019,7,1197,1654,1647,1212,1032
95632,7,3019,7,1266,2089,1647,1197,952
96674,6,3018,7,1223,1653,1648,1189,914
97674,7,3019,7,1275,2100,1649,1190,885
98680,7,3020,7,1183,2039,1649,1186,877
99686,8,3019,7,1240,1653,1648,1183,942
100709,6,3020,7,1212,2057,1648,1328,903
101715,7,3018,7,1223,1653,1647,1326,1057
102715,7,3019,7,1277,2101,1649,1399,1130
103717,7,3020,7,1191,2042,1648,1288,1195
104716,7,3019,7,1235,1653,1648,1306,1037
105717,7,3019,7,1258,2085,1648,1388,1114
106715,7,3020,7,1185,2034,1648,1428,1181
107715,7,3019,8,1247,1654,1648,1376,1094
108856,7,3020,7,1242,1654,1648,1275,1172
110579,7,3019,7,1228,1653,1647,1229,1100
111663,7,3019,7,1203,1653,1648,1210,991
112670,8,3018,7,1268,2111,1648,1199,935
113674,6,3020,7,1199,2218,1649,1191,896
115081,7,3018,7,1227,1653,1648,1264,952
116036,6,3020,7,1211,2063,1648,1225,916
116745,7,3018,7,1235,1654,1647,1207,907
117456,7,3019,7,1284,2094,1647,1199,888
118165,7,3019,7,1217,2043,1647,1190,949
118870,7,3019,8,1247,1653,1647,1260,909
119575,6,3020,7,1288,2089,1648,1296,1034
120279,7,3019,7,1217,2043,1648,1384,1037
120983,7,3019,7,1246,1653,1647,1283,1144
121686,6,3020,7,1285,2092,1648,1310,1085
122389,6,3019,7,1224,2047,1647,1244,1000
123095,7,3019,8,1242,1653,1647,1354,957
123799,7,3019,7,1283,2100,1647,1266,1091
124503,7,3019,7,1227,2051,1647,1296,980
125207,7,3019,7,1240,1654,1648,1240,938
125910,6,3018,8,1279,1899,1649,1208,971
126611,7,3019,7,1235,2057,1647,1269,930
127333,8,3019,8,1247,1655,1648,1366,902
128036,6,3019,7,1285,2091,1647,1274,1070
128739,7,3020,7,1223,2047,1647,1368,1050
129441,8,3019,8,1241,1653,1648,1275,1004
130375,6,3021,7,1257,2064,1648,1233,1018
131114,7,3019,8,1253,1652,1647,1206,1002
131826,7,3018,7,1274,2079,1648,1199,1010
132553,7,3019,7,1210,2020,1648,1191,1008
133261,6,3019,7,1275,1653,1648,1328,930
133967,7,3020,7,1236,2056,1649,1332,1070
134671,7,3019,7,1235,1648,1649,1260,1001
135377,6,3020,7,1288,2085,1647,1223,1006
136081,7,3018,7,1207,2032,1648,1207,947
136785,6,3018,7,1268,1653,1647,1336,981
137488,7,3019,7,1242,2053,1648,1263,1098
138191,8,3019,7,1245,1653,1647,1365,985
138894,6,3020,7,1288,2079,1647,1272,974
139598,7,3019,8,1218,2028,1648,1300,926
140301,7,3019,7,1273,1654,1647,1380,913
141006,7,3019,7,1233,2048,1649,1284,1081
141709,7,3019,8,1250,1654,1648,1304,986
142414,7,3019,7,1271,2070,1648,1385,945
143117,7,3018,7,1225,2023,1649,1360,1101
143820,7,3019,7,1278,1653,1648,1410,1095
144524,7,3019,7,1223,2041,1647,1367,1183
145234,8,3019,7,1247,1653,1647,1269,1208
145936,6,3020,7,1288,2087,1648,1299,1037
146638,7,3019,7,1217,2045,1647,1313,967
147371,8,3020,7,1262,1654,1647,1249,1081
148081,7,3019,8,1252,2064,1648,1216,968
148787,7,3018,7,1225,2024,1649,1197,996
149490,7,3019,7,1269,1654,1647,1194,935
150421,7,3018,7,1191,2047,1648,1334,970
151159,6,3020,6,1280,2096,1648,1329,1089
151864,7,3020,7,1218,2046,1647,1253,1004
152568,8,3019,7,1241,1654,1647,1221,1076
153271,6,3019,7,1282,2103,1648,1344,976
153975,7,3019,7,1228,2050,1648,1404,1098
154681,8,3019,7,1238,1650,1648,1289,1183
155388,6,3018,7,1282,2097,1647,1233,1111
156090,7,3020,7,1229,2052,1648,1282,997
156795,8,3019,7,1236,1644,1648,1229,940
157497,7,3019,7,1277,1653,1648,1349,913
158201,7,3019,7,1238,2056,1648,1269,931
158905,7,3019,7,1231,1884,1648,1296,907
159608,6,3019,7,1273,1653,1647,1240,903
160311,7,3019,7,1244,2061,1648,1289,879
161015,7,3018,7,1227,2023,1649,1239,959
161718,7,3019,7,1269,1654,1648,1208,976
162421,7,3019,7,1252,2064,1649,1200,921
163144,7,3019,8,1223,2024,1648,1195,899
163849,7,3019,7,1279,2006,1647,1186,884
164575,7,3019,7,1203,2036,1648,1188,946
165481,7,3020,7,1279,1653,1648,1184,905
166222,7,3018,7,1216,2028,1647,1183,886
166929,7,3019,7,1267,1654,1648,1188,868
167636,7,3020,7,1252,2064,1649,1188,864
168338,7,3019,7,1221,2026,1647,1258,859
169039,7,3018,8,1263,1653,1649,1365,864
169742,7,3020,8,1266,2074,1648,1415,1053
170646,7,3018,7,1233,2015,1649,1297,1163
171379,4,3020,7,1290,2084,1647,1380,1028
172084,7,3019,7,1212,2041,1649,1283,1137
172805,7,3019,8,1261,1653,1648,1230,1085
173508,7,3020,8,1266,2074,1648,1280,1058
174216,7,3018,7,1210,2032,1649,1308,969
174919,7,3019,7,1260,1654,1648,1315,941
175623,7,3019,7,1267,2075,1648,1247,930
176326,7,3018,7,1207,2034,1648,1358,915
177028,8,3019,8,1253,1653,1648,1268,936
177732,6,3020,7,1285,2083,1648,1297,982
178435,7,3018,7,1211,2040,1647,1379,1081
179138,7,3019,7,1249,1653,1648,1420,1026
179841,6,3019,7,1285,2091,1649,1302,1155
180543,7,3020,7,1221,2046,1650,1241,1097
181247,8,3018,8,1241,1653,1648,1351,971
181949,6,3019,7,1280,2076,1648,1407,960
182651,7,3019,7,1230,2052,1648,1295,1117
183366,7,3019,7,1235,1653,1648,1236,1003
184072,7,3019,7,1283,2096,1648,1352,1069
185396,4,3020,7,1273,2076,1648,1264,1008
188905,7,3021,7,1203,2035,1648,1367,1083
189834,7,3020,7,1286,2083,1648,1277,1020
191061,6,3018,6,1286,2059,1648,1228,954
191913,7,3019,7,1184,2051,1647,1206,996
192710,7,3019,7,1225,2054,1649,1340,931
193497,6,3019,6,1272,2079,1648,1260,1075
194295,7,3019,7,1273,1654,1647,1291,968
195085,7,3019,7,1264,1654,1647,1308,932
195879,7,3018,7,1241,1653,1648,1316,1064
196674,7,3018,7,1231,2018,1649,1247,1131
197413,7,3019,7,1269,2079,1648,1286,990
198155,7,3018,7,1240,1653,1648,1378,941
198884,7,3019,6,1264,2078,1648,1351,1092
199616,7,3018,7,1234,1705,1649,1264,1161
200331,7,3019,7,1280,1963,1648,1221,1087
201089,7,3019,8,1233,1706,1648,1201,990
202065,7,3018,8,1221,2026,1647,1190,1000
202865,7,3019,7,1229,2053,1647,1329,935
203730,3,3019,7,1217,2046,1648,1401,1069
204567,8,3018,7,1239,2020,1649,1434,1167
205436,7,3018,8,1260,1653,1648,1446,1228
206252,7,3020,7,1258,2069,1648,1317,1264
207130,7,3019,7,1252,2065,1647,1251,1087
207975,7,3019,8,1224,2050,1648,1214,973
208775,7,3019,7,1238,1649,1648,1272,924
209708,7,3019,7,1280,1781,1647,1229,901
210583,7,3020,7,1240,2058,1647,1206,967
211450,8,3019,6,1274,1653,1647,1272,992
212418,7,3020,7,1246,1652,1648,1302,938
213265,7,3019,7,1268,1654,1649,1383,925
214215,6,3020,7,1257,2065,1648,1358,1087
215072,7,3019,8,1272,1653,1647,1266,1087
215943,7,3019,8,1264,1653,1648,1296,978
216856,7,3019,7,1262,1653,1648,1315,937
217633,7,3018,7,1206,2019,1648,1319,931
218505,7,3019,7,1234,1664,1649,1323,924
219356,8,3019,7,1286,2086,1648,1256,1067
220377,7,3019,7,1241,2056,1648,1363,1035
221301,7,3019,7,1247,1653,1648,1273,997
222216,6,3020,7,1227,2046,1647,1229,1009
223132,7,3019,7,1260,1653,1648,1210,946
223884,7,3018,7,1269,1654,1648,1196,913
224584,7,3020,7,1256,2067,1648,1190,886
225282,7,3018,7,1214,2030,1647,1190,871
225974,7,3019,8,1249,1653,1647,1191,863
226664,6,3018,7,1279,1742,1647,1186,935
227355,7,3019,7,1250,2064,1648,1332,893
228046,7,3019,7,1210,2032,1648,1258,913
228736,7,3019,8,1244,1653,1647,1361,890
229427,6,3019,7,1275,1653,1647,1411,1062
230118,7,3019,7,1258,2069,1648,1299,1169
230807,7,3018,7,1206,2039,1648,1242,1035
231499,8,3018,7,1244,1653,1648,1355,1019
232198,6,3019,7,1268,1653,1649,1344,985
232918,6,3019,7,1251,2061,1648,1335,967
233611,7,3018,7,1217,2029,1648,1402,948
234277,7,3018,7,1250,1653,1648,1293,1106
234970,7,3019,7,1262,1652,1647,1380,1002
235664,6,3020,7,1279,2081,1648,1356,1124
236355,7,3019,7,1224,2048,1648,1268,1039
237044,7,3019,7,1228,2020,1649,1368,954
237734,7,3019,7,1260,1653,1648,1417,1097
238425,7,3019,7,1289,2089,1648,1300,1189
239114,7,3019,7,1234,2054,1648,1240,1046
239805,7,3017,7,1222,2026,1647,1211,968
240495,7,3018,7,1253,1653,1647,1197,918
241185,6,3020,7,1282,2098,1648,1191,897
241873,7,3020,7,1246,2062,1648,1332,876
242574,7,3018,7,1217,2028,1648,1333,907
243273,7,3018,8,1256,1654,1649,1260,920
243967,6,3019,7,1283,2083,1648,1297,968
244680,6,3019,7,1211,2032,1647,1241,937
245379,8,3019,7,1253,1654,1648,1283,970
246071,6,3019,7,1284,2098,1647,1233,929
246763,7,3020,7,1241,2058,1648,1280,918
247452,7,3018,7,1218,2029,1647,1304,1045
248142,7,3019,8,1251,1653,1649,1318,973
248831,6,3019,7,1279,1776,1647,1319,946
249521,7,3019,7,1250,2064,1648,1251,934
250209,7,3019,7,1203,2036,1647,1216,897
250899,8,3019,7,1242,1653,1648,1202,894
251588,6,3018,7,1274,1653,1648,1191,954
252306,7,3020,7,1264,2073,1648,1330,913
253027,7,3019,8,1252,1652,1647,1394,1061
253718,6,3020,7,1283,2090,1647,1361,1021
254424,7,3019,7,1245,2061,1648,1347,1059
255125,7,3019,7,1221,2026,1645,1263,1070
255814,8,3019,7,1256,1653,1648,1295,1113
256506,8,3020,7,1284,2096,1647,1310,1145
257195,7,3019,7,1239,2057,1647,1385,1169
257885,7,3018,7,1219,2029,1647,1282,1072
258574,7,3018,7,1251,1653,1647,1304,1119
259264,6,3018,7,1279,1942,1648,1313,1009
259952,7,3019,7,1250,2064,1648,1390,1103
260643,7,3018,7,1207,2035,1648,1283,1179
261332,8,3019,8,1245,1652,1648,1377,1105
262020,7,3019,7,1275,1653,1648,1349,1173
262710,7,3019,7,1261,2072,1649,1267,1053
263399,7,3019,7,1208,2040,1648,1223,1037
264090,7,3018,7,1239,1648,1648,1275,965
264839,7,3020,7,1257,2070,1649,1231,921
265550,7,3019,8,1223,2024,1649,1207,913
266276,6,3020,7,1283,2095,1648,1268,891
266983,7,3019,7,1221,2045,1648,1224,1029
267688,7,3018,8,1242,1653,1648,1208,1029
268392,7,3019,7,1283,2098,1647,1267,952
269099,7,3019,7,1222,2045,1647,1223,913
269803,7,3018,8,1244,1653,1647,1280,898
270517,6,3019,7,1289,2086,1647,1234,896
271228,7,3019,7,1211,2040,1647,1207,967
271956,7,3019,7,1256,1653,1648,1338,915
272670,7,3020,7,1239,2053,1648,1405,927
273394,8,3018,8,1252,1654,1648,1294,1100
274100,7,3019,6,1285,2084,1647,1383,1068
274834,7,3019,7,1231,1901,1649,1357,1020
275558,7,3019,7,1288,2087,1648,1269,987
276263,7,3020,7,1217,2043,1648,1229,1008
276968,8,3019,7,1245,1653,1647,1277,949
277672,7,3020,7,1286,2090,1647,1233,915
278377,7,3019,7,1221,2046,1649,1350,907
279082,8,3019,8,1245,1654,1648,1263,1065
279787,6,3019,7,1285,2091,1648,1294,967
280491,7,3020,7,1223,2046,1647,1236,931
281195,8,3018,8,1244,1653,1649,1286,890
281899,6,3019,7,1283,2098,1648,1374,896
282605,7,3019,7,1227,2048,1648,1279,1070
283312,9,3018,8,1242,1653,1647,1228,974
284018,6,3019,7,1283,2095,1648,1346,938
284726,7,3019,7,1218,2045,1649,1264,1081
285431,7,3018,7,1245,1654,1648,1299,974
286137,6,3020,7,1285,2089,1648,1242,1009
286843,7,3019,7,1219,2043,1649,1355,957
287548,8,3018,8,1246,1653,1648,1269,953
288253,6,3020,6,1285,2091,1648,1296,991
288963,7,3018,7,1213,2042,1647,1242,945
289667,8,3019,8,1249,1654,1648,1211,902
290372,6,3020,7,1288,2086,1648,1197,894
291077,7,3019,7,1213,2042,1648,1194,877
291793,7,3019,8,1247,1653,1648,1330,942
292500,6,3019,7,1269,2075,1648,1332,1075
293231,7,3019,7,1233,1647,1648,1329,1072
293940,6,3019,6,1279,2030,1648,1258,996
294645,7,3019,7,1228,2050,1647,1219,935
295351,8,3019,7,1240,1650,1648,1277,981
296056,7,3018,7,1282,2056,1648,1230,936
296760,7,3019,7,1228,2050,1648,1207,921
297466,8,3019,8,1239,1653,1648,1267,970
298172,7,3018,7,1280,2039,1647,1223,920
298878,7,3020,7,1228,2050,1648,1345,903
299583,8,3019,8,1240,1654,1647,1334,1062
300288,7,3018,7,1280,2074,1648,1257,995
300992,7,3020,7,1229,2050,1648,1293,929
301698,8,3018,7,1240,1653,1648,1313,912
302410,7,3019,7,1283,2100,1648,1391,985
303124,7,3019,7,1217,2041,1648,1284,1122
303834,7,3018,8,1256,1654,1648,1374,1001
304562,6,3019,7,1268,2061,1648,1350,985
305268,7,3019,7,1230,1919,1649,1341,963
305973,7,3019,7,1274,1654,1648,1261,953
306677,7,3019,7,1244,2059,1649,1366,910
307382,8,3019,8,1231,2019,1649,1272,935
308085,7,3019,7,1271,1654,1647,1229,908
308789,7,3019,7,1250,2063,1650,1347,971
309493,7,3018,7,1224,2021,1649,1407,959
310197,7,3019,7,1268,1654,1648,1291,976
310902,7,3019,7,1256,2064,1649,1240,936
311606,7,3018,7,1221,2025,1648,1284,970
312333,6,3018,7,1282,2091,1649,1230,1072
313044,7,3019,7,1223,2046,1647,1349,987
313768,7,3018,7,1260,1653,1648,1335,967
314487,7,3019,7,1264,2057,1648,1400,948
315182,8,3019,7,1224,2024,1647,1289,1108
315876,7,3019,7,1258,1654,1647,1306,996
316585,6,3019,7,1261,2073,1648,1249,1094
317278,7,3018,7,1206,2039,1648,1218,978
317968,7,3018,7,1241,1653,1649,1203,925
318658,7,3018,8,1273,1653,1648,1335,903
319348,7,3020,7,1266,2074,1648,1258,1059
320055,7,3019,7,1217,2029,1649,1219,960
320745,8,3019,8,1250,1652,1647,1199,925
321436,7,3019,7,1279,1726,1648,1190,894
322127,7,3019,7,1247,2062,1649,1190,875
322818,7,3019,7,1213,2031,1648,1188,874
323507,7,3019,8,1247,1653,1649,1262,864
324239,6,3019,7,1278,1654,1648,1294,940
324950,7,3018,7,1210,2034,1648,1240,1062
325656,7,3019,7,1256,1654,1648,1213,973
326417,6,3018,7,1203,2036,1649,1343,930
327121,7,3019,8,1255,1653,1648,1264,936
327825,6,3020,7,1284,2081,1649,1227,976
328527,7,3018,7,1208,2040,1648,1345,938
329230,8,3018,7,1246,1653,1648,1263,941
329934,6,3020,7,1286,2089,1648,1295,904
330636,7,3019,7,1221,2046,1648,1239,1045
331339,8,3020,8,1242,1653,1648,1352,968
332054,6,3018,7,1280,2086,1648,1269,959
332758,7,3019,7,1216,2042,1648,1228,920
333473,8,3018,7,1256,1654,1649,1351,976
334412,7,3018,7,1217,2029,1647,1264,1101
335134,7,3017,7,1277,1653,1647,1367,982
335839,6,3020,7,1234,2056,1648,1350,1111
336542,7,3018,7,1233,1829,1648,1410,1028
337246,6,3019,7,1272,1654,1648,1435,1012
337947,7,3019,7,1247,2062,1649,1454,1153
338660,7,3018,7,1233,1846,1648,1460,1091
339372,7,3019,6,1273,1653,1648,1318,1202
340080,7,3020,7,1231,2051,1648,1395,1200
340784,8,3019,8,1240,1650,1648,1290,1227
341486,7,3019,7,1278,1654,1648,1307,1128
342188,7,3019,7,1239,2056,1647,1244,1014
342891,8,3018,7,1230,2019,1648,1213,934
343592,7,3019,7,1269,1654,1648,1201,904
344297,7,3020,7,1257,2065,1649,1197,958
345000,7,3018,7,1222,2024,1648,1192,913
345703,7,3018,7,1266,1653,1648,1260,892
346407,7,3019,7,1261,2068,1648,1223,882
347109,7,3018,7,1214,2030,1648,1277,891
347810,6,3019,8,1257,1654,1648,1233,1030
348511,7,3020,7,1279,2079,1648,1285,963
349213,7,3018,7,1210,2040,1649,1239,929
349915,8,3019,7,1249,1654,1648,1212,893
350617,7,3020,7,1285,2091,1649,1273,888
351319,7,3019,7,1222,2047,1647,1227,890
352022,7,3018,7,1239,1653,1648,1210,896
352725,6,3019,7,1279,1951,1648,1341,958
353432,7,3019,7,1234,2052,1649,1263,949
354157,7,3019,7,1253,1653,1648,1294,908
354884,6,3019,7,1247,2062,1648,1240,903
355616,8,3019,8,1249,1654,1648,1284,877
356319,7,3020,7,1288,2087,1648,1235,1029
357024,7,3020,7,1219,2043,1648,1356,963
357727,7,3018,7,1245,1654,1648,1339,956
358428,4,3019,7,1283,2101,1648,1335,945
359132,6,3021,8,1229,2050,1648,1262,943
359835,8,3019,7,1239,1647,1648,1219,978
360537,7,3018,7,1275,1653,1648,1199,937
361239,7,3019,7,1241,2058,1648,1197,908
361940,7,3019,7,1229,2019,1649,1194,887
362642,7,3019,7,1267,1654,1649,1191,880
363344,6,3020,7,1258,2068,1649,1260,876
364046,7,3019,8,1218,2028,1648,1299,873
364751,7,3018,7,1262,1653,1648,1242,959
365454,7,3019,7,1267,2074,1648,1285,907
366161,7,3018,7,1213,2030,1648,1236,1041
366880,6,3019,7,1272,1654,1648,1207,969
367585,7,3020,7,1249,2063,1648,1339,927
368289,7,3018,7,1225,2021,1649,1332,934
368990,7,3019,7,1266,1654,1648,1330,929
369692,7,3019,7,1262,2072,1649,1256,1002
370394,7,3018,7,1213,2032,1649,1296,930
371095,8,3019,7,1257,1653,1648,1380,919
371799,7,3020,7,1280,2081,1648,1279,1085
372502,7,3018,7,1205,2037,1647,1304,1058
373204,8,3018,7,1250,1653,1648,1317,1122
373923,6,3020,7,1266,2074,1648,1394,1020
374652,7,3019,7,1234,1671,1648,1358,1139
375357,7,3019,7,1275,1653,1648,1344,1041
376061,7,3019,7,1240,2057,1648,1405,1061
376762,8,3018,7,1228,2020,1649,1369,1164
377464,7,3018,7,1268,1653,1647,1345,1061
378166,6,3020,7,1260,2067,1649,1407,997
378879,7,3018,7,1221,2028,1647,1297,1136
379587,7,3019,7,1267,1655,1648,1382,1086
380293,7,3019,7,1247,2061,1648,1355,1167
380999,7,3018,7,1227,2023,1649,1340,1197
381701,7,3019,7,1269,1654,1648,1336,1059
382403,6,3020,7,1256,2065,1648,1404,998
383106,7,3019,7,1217,2029,1648,1363,1133
383808,7,3019,7,1261,1654,1648,1274,1185
384511,6,3019,6,1269,2079,1648,1369,1101
385212,7,3018,7,1206,2037,1648,1351,1030
385915,8,3020,7,1250,1653,1647,1264,990
386618,6,3019,7,1288,2086,1647,1223,1074
387320,7,3019,7,1219,2043,1647,1275,975
388023,8,3019,8,1242,1652,1648,1371,926
388726,6,3019,7,1282,2092,1649,1418,947
389428,7,3020,7,1233,2052,1647,1439,1114
390130,7,3019,7,1234,1672,1648,1452,1067
390832,7,3018,7,1273,1654,1648,1391,1188
391536,6,3019,7,1247,2061,1648,1431,1152
392270,7,3018,7,1252,1654,1648,1306,1219
392974,6,3020,7,1286,2085,1647,1241,1062
393680,7,3019,7,1214,2043,1647,1211,979
394415,7,3019,7,1260,1654,1647,1200,923
395121,7,3019,7,1244,2059,1647,1334,898
395824,8,3018,7,1225,2023,1649,1328,1056
396526,7,3018,7,1268,1653,1648,1252,987
397231,7,3019,7,1252,2065,1647,1218,924
397935,7,3019,7,1221,2025,1647,1273,901
398636,7,3018,7,1262,1654,1649,1369,1034
399339,7,3020,7,1263,2070,1648,1277,1137
400042,7,3018,7,1211,2031,1647,1233,1083
400743,8,3019,8,1255,1652,1647,1349,1056
401446,6,3019,7,1279,2081,1647,1266,1139
402149,7,3018,7,1210,2039,1648,1225,1079
402851,8,3019,7,1249,1654,1648,1208,979
403554,6,3020,7,1288,2089,1647,1335,927
404257,7,3019,7,1224,2046,1648,1257,934
404960,7,3018,8,1242,1654,1648,1296,897
405662,7,3019,7,1280,2030,1647,1241,903
406365,7,3020,7,1235,2054,1647,1285,974
407067,8,3019,7,1234,1681,1649,1306,1074
407768,7,3019,8,1273,1654,1647,1246,987
408471,7,3020,7,1249,2062,1648,1286,948
409172,7,3018,7,1224,2023,1648,1376,1062
409875,7,3019,7,1264,1654,1648,1418,1152
410577,6,3019,6,1263,2073,1649,1442,1213
411277,7,3019,7,1210,2032,1647,1307,1252
411999,7,3019,8,1269,1655,1647,1316,1218
412702,7,3020,7,1255,2067,1648,1390,1207
413403,7,3019,7,1219,2028,1648,1429,1228
414108,7,3018,7,1261,1654,1647,1301,1252
414847,7,3020,7,1218,2043,1647,1387,1074
415552,8,3018,8,1245,1654,1647,1283,1159
416274,6,3019,7,1272,2076,1647,1230,1020
416989,7,3019,7,1221,2025,1647,1351,960
417693,7,3019,7,1262,1654,1648,1410,1094
418396,7,3020,7,1264,2074,1647,1437,1043
419098,7,3018,7,1211,2032,1647,1306,1030
419800,8,3020,8,1255,1653,1647,1241,965
420503,7,3020,7,1285,2083,1648,1211,932
421205,7,3019,7,1213,2041,1649,1197,909
421907,8,3019,7,1245,1654,1647,1190,886
422610,2,3020,7,1284,2098,1648,1190,871
423312,7,3019,7,1228,2048,1647,1329,938
424025,7,3018,7,1245,1654,1647,1253,1072
424740,6,3020,7,1286,2087,1648,1294,1109
425449,7,3018,7,1205,2037,1647,1383,1072
426154,7,3019,7,1253,1653,1648,1422,1021
426856,6,3019,7,1283,2081,1647,1297,1015
427559,7,3018,7,1211,2041,1648,1318,956
428261,7,3018,7,1247,1654,1648,1246,940
428963,6,3020,7,1285,2092,1648,1291,1041
429665,7,3019,7,1225,2048,1648,1235,1039
430368,8,3018,7,1238,1648,1649,1356,942
431069,7,3019,7,1278,1654,1648,1266,948
431785,7,3019,7,1240,2057,1648,1295,909
432488,7,3019,8,1242,1653,1648,1241,903
433190,6,3018,7,1279,1942,1648,1355,904
433895,7,3019,7,1234,2053,1647,1409,930
434634,7,3019,8,1263,1654,1647,1369,1101
435340,7,3020,7,1260,2070,1648,1278,1101
436043,8,3018,7,1217,2029,1647,1374,990
436744,7,3019,7,1257,1654,1647,1352,979
437445,7,3019,7,1279,2079,1645,1268,1034
438148,7,3018,7,1208,2037,1648,1223,957
438850,7,3018,8,1247,1653,1648,1205,927
439554,7,3020,7,1286,2087,1647,1192,897
440257,7,3019,7,1221,2045,1647,1188,877
440959,7,3019,7,1241,1653,1647,1184,940
441662,6,3017,7,1282,2076,1647,1323,894
442364,7,3020,7,1233,2052,1648,1395,912
443067,7,3019,7,1234,1703,1648,1362,948
443768,7,3018,7,1274,1654,1648,1273,1023
444485,7,3019,7,1249,2051,1647,1227,1025
445189,8,3018,8,1238,1647,1648,1207,954
445891,7,3019,7,1278,1654,1649,1340,985
446592,7,3019,7,1241,2057,1648,1262,1102
447296,7,3017,7,1229,2019,1648,1297,981
447998,7,3019,7,1271,1654,1648,1311,1012
448700,7,3019,7,1251,2065,1647,1249,1102
449403,7,3019,7,1219,2025,1645,1360,976
450104,7,3019,7,1262,1656,1648,1269,965
450806,7,3020,7,1269,2075,1647,1230,920
451521,7,3018,7,1205,2035,1648,1207,976
452224,7,3018,8,1264,1654,1647,1192,921
452927,4,3019,7,1264,2073,1649,1335,888
453629,7,3018,7,1207,2034,1648,1261,913
454335,7,3019,7,1256,1654,1648,1219,896
455058,7,3018,7,1224,2021,1648,1274,963
455762,8,3019,8,1260,1653,1647,1224,920
456464,6,3019,7,1283,2080,1648,1282,910
457170,7,3019,7,1206,2036,1648,1234,971
457873,7,3019,7,1250,1653,1648,1208,907
458576,6,3020,7,1288,2087,1648,1195,897
459277,7,3019,7,1222,2045,1648,1189,886
459978,8,3019,7,1240,1653,1648,1186,870
460699,6,3019,7,1288,2084,1648,1262,862
461401,7,3019,8,1214,2041,1647,1221,873
462103,8,3019,8,1245,1653,1647,1201,876
462804,6,3019,7,1283,2097,1648,1268,947
463506,7,3019,8,1230,2051,1648,1297,915
464215,8,3019,7,1236,1647,1648,1238,905
464926,6,3019,7,1285,2095,1648,1286,899
465630,7,3020,7,1224,2047,1648,1239,968
466338,7,3019,7,1240,1653,1647,1351,1003
467055,7,3020,7,1286,2084,1648,1268,976
467758,7,3018,7,1212,2041,1647,1227,997
468461,8,3018,7,1247,1653,1647,1206,940
469164,6,3018,7,1285,2095,1648,1336,912
469866,7,3020,7,1227,2048,1648,1401,925
470568,7,3018,7,1238,1650,1648,1289,959
471286,6,3019,7,1278,1654,1647,1236,1002
471989,7,3019,7,1219,2045,1648,1213,1021
472693,8,3018,7,1242,1653,1647,1341,946
473396,7,3019,7,1283,2089,1648,1260,1083
474293,7,3018,7,1210,2032,1649,1366,1050
475054,6,3019,7,1290,2085,1648,1274,1142
475770,2,3018,7,1207,2032,1648,1306,1084
476482,7,3018,7,1261,1654,1648,1315,997
477191,7,3020,7,1258,2069,1649,1326,956
477896,7,3018,7,1221,2028,1647,1255,943
478599,8,3018,7,1262,1653,1648,1218,902
479302,6,3020,7,1266,2073,1648,1199,897
480005,7,3018,7,1210,2032,1648,1192,888
480709,7,3018,8,1256,1654,1648,1328,873
481412,7,3019,7,1280,2081,1648,1332,1042
482115,7,3019,7,1210,2039,1648,1400,1056
482817,7,3018,7,1247,1653,1647,1431,1020
483521,6,3020,7,1286,2089,1648,1307,1018
484224,7,3020,8,1221,2045,1647,1316,967
484927,8,3019,7,1239,1652,1648,1247,1084
485629,7,3018,7,1278,1659,1648,1291,1045
486331,7,3019,7,1239,2056,1648,1378,1040
487035,7,3019,7,1229,2019,1649,1423,1144
487737,6,3018,7,1272,1653,1648,1299,1213
488439,7,3019,7,1252,2064,1649,1313,1129
489142,7,3019,7,1222,2024,1647,1251,1017
489844,7,3019,7,1267,1653,1648,1293,1009
490551,7,3020,7,1257,2068,1649,1315,1024
491254,7,3019,8,1216,2029,1648,1251,1040
491960,6,3019,7,1263,1654,1648,1293,947
492664,7,3019,7,1262,2070,1648,1378,926
493366,7,3018,7,1210,2032,1648,1279,1087
494068,7,3019,7,1255,1653,1648,1230,984
494737,6,3018,8,1264,1654,1648,1211,943
495469,6,3019,7,1219,2043,1647,1339,980
496174,8,3018,8,1245,1652,1647,1261,1095
496878,6,3019,7,1284,2095,1648,1297,979
497583,7,3019,7,1225,2047,1648,1244,945
498286,8,3017,7,1240,1653,1648,1285,902
498988,6,3019,7,1279,1666,1648,1236,1040
499691,7,3019,7,1236,2054,1648,1210,1039
500393,7,3019,6,1230,2020,1649,1201,953
501094,7,3018,8,1272,1653,1648,1192,980
501798,6,3019,7,1252,2064,1649,1332,918
502500,7,3018,7,1222,2024,1647,1256,926
